Fitness alignment:  {'percFitTraces': 100.0, 'averageFitness': 1.0, 'percentage_of_fitting_traces': 100.0, 'average_trace_fitness': 1.0, 'log_fitness': 0.9996598332736628}
Fitness token:  {'perc_fit_traces': 0.0, 'average_trace_fitness': 0.9700820446123243, 'log_fitness': 0.9701388888888889, 'percentage_of_fitting_traces': 0.0}
Precision:  0.0786118980169972
Generalization:  0.378739217309893
Simplicity:  0.24242424242424243
