Fitness alignment:  {'percFitTraces': 23.80952380952381, 'averageFitness': 0.9714322102701137, 'percentage_of_fitting_traces': 23.80952380952381, 'average_trace_fitness': 0.9714322102701137, 'log_fitness': 0.971953726333042}
Fitness token:  {'perc_fit_traces': 23.80952380952381, 'average_trace_fitness': 0.9906305463480433, 'log_fitness': 0.9909075966210288, 'percentage_of_fitting_traces': 23.80952380952381}
Precision:  0.12602657906525305
Generalization:  0.8040466755629123
Simplicity:  0.6538461538461539
