Fitness alignment:  {'percFitTraces': 4.761904761904762, 'averageFitness': 0.9550413323633138, 'percentage_of_fitting_traces': 4.761904761904762, 'average_trace_fitness': 0.9550413323633138, 'log_fitness': 0.9561319125617027}
Fitness token:  {'perc_fit_traces': 4.761904761904762, 'average_trace_fitness': 0.9648025099053965, 'log_fitness': 0.9656326308188474, 'percentage_of_fitting_traces': 4.761904761904762}
Precision:  0.12344028520499106
Generalization:  0.8271755996000627
Simplicity:  0.5818181818181818
