Fitness alignment:  {'percFitTraces': 89.81891348088531, 'averageFitness': 0.9940367336719156, 'percentage_of_fitting_traces': 89.81891348088531, 'average_trace_fitness': 0.9940367336719156, 'log_fitness': 0.9915322535084143}
Fitness token:  {'perc_fit_traces': 89.81891348088531, 'average_trace_fitness': 0.994277403568144, 'log_fitness': 0.9924123636767999, 'percentage_of_fitting_traces': 89.81891348088531}
Precision:  0.23066935949221
Generalization:  0.9801352420953254
Simplicity:  0.6000000000000001
