Fitness alignment:  {'percFitTraces': 87.23404255319149, 'averageFitness': 0.9968637507817371, 'percentage_of_fitting_traces': 87.23404255319149, 'average_trace_fitness': 0.9968637507817371, 'log_fitness': 0.9962864721485412}
Fitness token:  {'perc_fit_traces': 87.23404255319149, 'average_trace_fitness': 0.9963260465595701, 'log_fitness': 0.9951890034364261, 'percentage_of_fitting_traces': 87.23404255319149}
Precision:  0.7466467958271237
Generalization:  0.6850745292372002
Simplicity:  0.7083333333333334
