Fitness alignment:  {'percFitTraces': 32.53333333333333, 'averageFitness': 0.9510392313924475, 'percentage_of_fitting_traces': 32.53333333333333, 'average_trace_fitness': 0.9510392313924475, 'log_fitness': 0.9518999605296208}
Fitness token:  {'perc_fit_traces': 32.53333333333333, 'average_trace_fitness': 0.9517368240133958, 'log_fitness': 0.953416878303708, 'percentage_of_fitting_traces': 32.53333333333333}
Precision:  0.8829633117235884
Generalization:  0.9654594440440368
Simplicity:  0.7083333333333334
