Fitness alignment:  {'percFitTraces': 0.0, 'averageFitness': 0.975, 'percentage_of_fitting_traces': 0.0, 'average_trace_fitness': 0.975, 'log_fitness': 0.9747928150898114}
Fitness token:  {'perc_fit_traces': 0.0, 'average_trace_fitness': 0.8645635673624288, 'log_fitness': 0.8645635673624288, 'percentage_of_fitting_traces': 0.0}
Precision:  0.10374639769452454
Generalization:  0.19090254809253948
Simplicity:  0.5254237288135593
