Fitness alignment:  {'percFitTraces': 0.0, 'averageFitness': 0.7995689655172413, 'percentage_of_fitting_traces': 0.0, 'average_trace_fitness': 0.7995689655172413, 'log_fitness': 0.7974147942609209}
Fitness token:  {'perc_fit_traces': 0.0, 'average_trace_fitness': 0.8780021702435495, 'log_fitness': 0.8772185494557854, 'percentage_of_fitting_traces': 0.0}
Precision:  0.2298213185459026
Generalization:  0.3581837186924549
Simplicity:  0.6567164179104477
