Fitness alignment:  {'percFitTraces': 0.0, 'averageFitness': 0.8821065827264598, 'percentage_of_fitting_traces': 0.0, 'average_trace_fitness': 0.8821065827264598, 'log_fitness': 0.8803668226557168}
Fitness token:  {'perc_fit_traces': 0.0, 'average_trace_fitness': 0.9173697698286534, 'log_fitness': 0.9186249259783252, 'percentage_of_fitting_traces': 0.0}
Precision:  0.4426002539822119
Generalization:  0.8705353065816033
Simplicity:  0.6284584980237155
