Fitness alignment:  {'percFitTraces': 0.0, 'averageFitness': 0.7553033306396769, 'percentage_of_fitting_traces': 0.0, 'average_trace_fitness': 0.7553033306396769, 'log_fitness': 0.7565048040806924}
Fitness token:  {'perc_fit_traces': 0.0, 'average_trace_fitness': 0.8254603317915991, 'log_fitness': 0.8294117030916833, 'percentage_of_fitting_traces': 0.0}
Precision:  0.39256093860625063
Generalization:  0.7986320005249923
Simplicity:  0.6638655462184874
