Fitness alignment:  {'percFitTraces': 0.0, 'averageFitness': 0.8485377627354443, 'percentage_of_fitting_traces': 0.0, 'average_trace_fitness': 0.8485377627354443, 'log_fitness': 0.8452083076932868}
Fitness token:  {'perc_fit_traces': 0.0, 'average_trace_fitness': 0.9024576175118051, 'log_fitness': 0.9042947971371216, 'percentage_of_fitting_traces': 0.0}
Precision:  0.5203300206939698
Generalization:  0.8994928455219272
Simplicity:  0.6724137931034483
