Fitness alignment:  {'percFitTraces': 62.52828968638862, 'averageFitness': 0.95601273578955, 'percentage_of_fitting_traces': 62.52828968638862, 'average_trace_fitness': 0.95601273578955, 'log_fitness': 0.9513918180228408}
Fitness token:  {'perc_fit_traces': 62.52828968638862, 'average_trace_fitness': 0.990888762514783, 'log_fitness': 0.9907583420642458, 'percentage_of_fitting_traces': 62.52828968638862}
Precision:  0.081948921562363
Generalization:  0.8872920151413936
Simplicity:  0.6151419558359621
