Fitness alignment:  {'percFitTraces': 0.0, 'averageFitness': 0.8146901764755737, 'percentage_of_fitting_traces': 0.0, 'average_trace_fitness': 0.8146901764755737, 'log_fitness': 0.814883124988649}
Fitness token:  {'perc_fit_traces': 0.0, 'average_trace_fitness': 0.8737753535571986, 'log_fitness': 0.8750413918771991, 'percentage_of_fitting_traces': 0.0}
Precision:  0.2579658598372089
Generalization:  0.8686512176722591
Simplicity:  0.6444444444444444
