Fitness alignment:  {'percFitTraces': 0.0, 'averageFitness': 0.7936100765011129, 'percentage_of_fitting_traces': 0.0, 'average_trace_fitness': 0.7936100765011129, 'log_fitness': 0.7955980812709209}
Fitness token:  {'perc_fit_traces': 0.0, 'average_trace_fitness': 0.8293151752946953, 'log_fitness': 0.8309535216168951, 'percentage_of_fitting_traces': 0.0}
Precision:  0.21145451081419142
Generalization:  0.7555381907622339
Simplicity:  0.6444444444444444
