Fitness alignment:  {'percFitTraces': 0.0, 'averageFitness': 0.8890436061695142, 'percentage_of_fitting_traces': 0.0, 'average_trace_fitness': 0.8890436061695142, 'log_fitness': 0.8861933642525865}
Fitness token:  {'perc_fit_traces': 0.0, 'average_trace_fitness': 0.825727650627307, 'log_fitness': 0.8242254782340603, 'percentage_of_fitting_traces': 0.0}
Precision:  0.8879233635504143
Generalization:  0.9707079737847646
Simplicity:  0.6521739130434783
