Fitness alignment:  {'percFitTraces': 100.0, 'averageFitness': 1.0, 'percentage_of_fitting_traces': 100.0, 'average_trace_fitness': 1.0, 'log_fitness': 0.9996098756390575}
Fitness token:  {'perc_fit_traces': 100.0, 'average_trace_fitness': 1.0, 'log_fitness': 1.0, 'percentage_of_fitting_traces': 100.0}
Precision:  0.10207100591715978
Generalization:  0.5017467374689271
Simplicity:  0.6633663366336633
