Fitness alignment:  {'percFitTraces': 0.0, 'averageFitness': 0.7414809649498929, 'percentage_of_fitting_traces': 0.0, 'average_trace_fitness': 0.7414809649498929, 'log_fitness': 0.7456149090715843}
Fitness token:  {'perc_fit_traces': 0.0, 'average_trace_fitness': 0.7855553775630183, 'log_fitness': 0.7912512363300568, 'percentage_of_fitting_traces': 0.0}
Precision:  0.6658975542224272
Generalization:  0.671629037015796
Simplicity:  0.6444444444444444
