Fitness alignment:  {'percFitTraces': 0.0, 'averageFitness': 0.810592544340217, 'percentage_of_fitting_traces': 0.0, 'average_trace_fitness': 0.810592544340217, 'log_fitness': 0.8111275174797996}
Fitness token:  {'perc_fit_traces': 0.0, 'average_trace_fitness': 0.8251114435670728, 'log_fitness': 0.8302861015043248, 'percentage_of_fitting_traces': 0.0}
Precision:  0.8022060071271
Generalization:  0.9650394843187486
Simplicity:  0.6867469879518072
