Fitness alignment:  {'percFitTraces': 0.0, 'averageFitness': 0.810592544340217, 'percentage_of_fitting_traces': 0.0, 'average_trace_fitness': 0.810592544340217, 'log_fitness': 0.8111275174797996}
Fitness token:  {'perc_fit_traces': 0.0, 'average_trace_fitness': 0.8559401176230419, 'log_fitness': 0.8578158390292534, 'percentage_of_fitting_traces': 0.0}
Precision:  0.7695440402691124
Generalization:  0.9650588112345028
Simplicity:  0.6444444444444444
