Fitness alignment:  {'percFitTraces': 0.0, 'averageFitness': 0.9296846943905767, 'percentage_of_fitting_traces': 0.0, 'average_trace_fitness': 0.9296846943905767, 'log_fitness': 0.9300755972390573}
Fitness token:  {'perc_fit_traces': 33.333333333333336, 'average_trace_fitness': 0.9943073116173329, 'log_fitness': 0.9942447446715115, 'percentage_of_fitting_traces': 33.333333333333336}
Precision:  0.10717896865520726
Generalization:  0.5898411349063006
Simplicity:  0.6595744680851063
