Fitness alignment:  {'percFitTraces': 0.0, 'averageFitness': 0.8807686146987631, 'percentage_of_fitting_traces': 0.0, 'average_trace_fitness': 0.8807686146987631, 'log_fitness': 0.8779076570259928}
Fitness token:  {'perc_fit_traces': 0.0, 'average_trace_fitness': 0.8108297612019173, 'log_fitness': 0.8114825627641977, 'percentage_of_fitting_traces': 0.0}
Precision:  0.8478659935750344
Generalization:  0.8853816308924592
Simplicity:  0.5892857142857143
