Fitness alignment:  {'percFitTraces': 0.0, 'averageFitness': 0.8495495967685417, 'percentage_of_fitting_traces': 0.0, 'average_trace_fitness': 0.8495495967685417, 'log_fitness': 0.8515179656981275}
Fitness token:  {'perc_fit_traces': 0.0, 'average_trace_fitness': 0.9011278470672902, 'log_fitness': 0.9047099381464223, 'percentage_of_fitting_traces': 0.0}
Precision:  0.6849486046970434
Generalization:  0.8341472037705209
Simplicity:  0.7081545064377682
