Fitness alignment:  {'percFitTraces': 0.0, 'averageFitness': 0.8675269685576873, 'percentage_of_fitting_traces': 0.0, 'average_trace_fitness': 0.8675269685576873, 'log_fitness': 0.8664286483189206}
Fitness token:  {'perc_fit_traces': 0.0, 'average_trace_fitness': 0.8016612854579642, 'log_fitness': 0.8053486376205803, 'percentage_of_fitting_traces': 0.0}
Precision:  0.9268562619814621
Generalization:  0.9681399431362001
Simplicity:  0.7714285714285715
