Fitness alignment:  {'percFitTraces': 0.0, 'averageFitness': 0.9336593671124851, 'percentage_of_fitting_traces': 0.0, 'average_trace_fitness': 0.9336593671124851, 'log_fitness': 0.9350227049241098}
Fitness token:  {'perc_fit_traces': 0.0, 'average_trace_fitness': 0.8454004526442896, 'log_fitness': 0.848649038106765, 'percentage_of_fitting_traces': 0.0}
Precision:  0.125
Generalization:  0.7279380505071418
Simplicity:  0.5
