Fitness alignment:  {'percFitTraces': 100.0, 'averageFitness': 1.0, 'percentage_of_fitting_traces': 100.0, 'average_trace_fitness': 1.0, 'log_fitness': 0.9995650586782444}
Fitness token:  {'perc_fit_traces': 100.0, 'average_trace_fitness': 1.0, 'log_fitness': 1.0, 'percentage_of_fitting_traces': 100.0}
Precision:  0.07615384615384613
Generalization:  0.5404677144454627
Simplicity:  0.6513761467889908
