Fitness alignment:  {'percFitTraces': 84.0, 'averageFitness': 0.991527679899773, 'percentage_of_fitting_traces': 84.0, 'average_trace_fitness': 0.991527679899773, 'log_fitness': 0.9917856864932167}
Fitness token:  {'perc_fit_traces': 80.0, 'average_trace_fitness': 0.9969489389341645, 'log_fitness': 0.997713247457205, 'percentage_of_fitting_traces': 80.0}
Precision:  0.10039259674705547
Generalization:  0.8334167755972259
Simplicity:  0.6603773584905661
