Fitness alignment:  {'percFitTraces': 96.15384615384616, 'averageFitness': 0.9935897435897435, 'percentage_of_fitting_traces': 96.15384615384616, 'average_trace_fitness': 0.9935897435897435, 'log_fitness': 0.9905211615916487}
Fitness token:  {'perc_fit_traces': 96.15384615384616, 'average_trace_fitness': 0.998211091234347, 'log_fitness': 0.9967637540453075, 'percentage_of_fitting_traces': 96.15384615384616}
Precision:  0.43051771117166215
Generalization:  0.3176706573831376
Simplicity:  0.6444444444444444
