Fitness alignment:  {'percFitTraces': 0.0, 'averageFitness': 0.9624785294991796, 'percentage_of_fitting_traces': 0.0, 'average_trace_fitness': 0.9624785294991796, 'log_fitness': 0.9615751877739084}
Fitness token:  {'perc_fit_traces': 0.0, 'average_trace_fitness': 0.8157436285047269, 'log_fitness': 0.7960553877362027, 'percentage_of_fitting_traces': 0.0}
Precision:  0.8426051560379919
Generalization:  0.5366163545269025
Simplicity:  0.6333333333333333
