Fitness alignment:  {'percFitTraces': 0.0, 'averageFitness': 0.8997474415085119, 'percentage_of_fitting_traces': 0.0, 'average_trace_fitness': 0.8997474415085119, 'log_fitness': 0.8973376834358514}
Fitness token:  {'perc_fit_traces': 0.0, 'average_trace_fitness': 0.7954191596379085, 'log_fitness': 0.7982017465776441, 'percentage_of_fitting_traces': 0.0}
Precision:  0.9180712691449242
Generalization:  0.9634720780709773
Simplicity:  0.6333333333333333
