Fitness alignment:  {'percFitTraces': 50.0, 'averageFitness': 0.9883814102564102, 'percentage_of_fitting_traces': 50.0, 'average_trace_fitness': 0.9883814102564102, 'log_fitness': 0.9875817442303151}
Fitness token:  {'perc_fit_traces': 50.0, 'average_trace_fitness': 0.9969588093010117, 'log_fitness': 0.9967177242888403, 'percentage_of_fitting_traces': 50.0}
Precision:  0.1060802069857697
Generalization:  0.6567526040963223
Simplicity:  0.6538461538461539
