Fitness alignment:  {'percFitTraces': 50.0, 'averageFitness': 0.9883814102564102, 'percentage_of_fitting_traces': 50.0, 'average_trace_fitness': 0.9883814102564102, 'log_fitness': 0.98759078007007}
Fitness token:  {'perc_fit_traces': 50.0, 'average_trace_fitness': 0.9956566074597706, 'log_fitness': 0.9950579607001122, 'percentage_of_fitting_traces': 50.0}
Precision:  0.10889774236387784
Generalization:  0.6362082777582885
Simplicity:  0.6538461538461539
