Fitness alignment:  {'percFitTraces': 0.0, 'averageFitness': 0.6639702722493098, 'percentage_of_fitting_traces': 0.0, 'average_trace_fitness': 0.6639702722493098, 'log_fitness': 0.6493126927441933}
Fitness token:  {'perc_fit_traces': 0.0, 'average_trace_fitness': 0.9080411820188133, 'log_fitness': 0.9127296082765162, 'percentage_of_fitting_traces': 0.0}
Precision:  0.3479805858901023
Generalization:  0.8952275978431437
Simplicity:  0.6842105263157894
