Fitness alignment:  {'percFitTraces': 0.0, 'averageFitness': 0.8787786029129782, 'percentage_of_fitting_traces': 0.0, 'average_trace_fitness': 0.8787786029129782, 'log_fitness': 0.8755317105299267}
Fitness token:  {'perc_fit_traces': 0.0, 'average_trace_fitness': 0.8149919227970411, 'log_fitness': 0.811130479135066, 'percentage_of_fitting_traces': 0.0}
Precision:  0.9312497200113489
Generalization:  0.9719661849742889
Simplicity:  0.6161616161616162
