Fitness alignment:  {'percFitTraces': 0.0, 'averageFitness': 0.7513535812575187, 'percentage_of_fitting_traces': 0.0, 'average_trace_fitness': 0.7513535812575187, 'log_fitness': 0.7520969907552247}
Fitness token:  {'perc_fit_traces': 0.0, 'average_trace_fitness': 0.8232860689491469, 'log_fitness': 0.8269912487797565, 'percentage_of_fitting_traces': 0.0}
Precision:  0.44831223628691985
Generalization:  0.8144816239068525
Simplicity:  0.7050691244239632
