Fitness alignment:  {'percFitTraces': 0.0, 'averageFitness': 0.8469863178113425, 'percentage_of_fitting_traces': 0.0, 'average_trace_fitness': 0.8469863178113425, 'log_fitness': 0.8452232101705306}
Fitness token:  {'perc_fit_traces': 0.0, 'average_trace_fitness': 0.8964139585435499, 'log_fitness': 0.8987972296975857, 'percentage_of_fitting_traces': 0.0}
Precision:  0.5276228738486037
Generalization:  0.909029554922786
Simplicity:  0.6796536796536797
