Fitness alignment:  {'percFitTraces': 100.0, 'averageFitness': 1.0, 'percentage_of_fitting_traces': 100.0, 'average_trace_fitness': 1.0, 'log_fitness': 0.9997243257706885}
Fitness token:  {'perc_fit_traces': 100.0, 'average_trace_fitness': 1.0, 'log_fitness': 1.0, 'percentage_of_fitting_traces': 100.0}
Precision:  0.17737751226859022
Generalization:  0.9042073826587635
Simplicity:  0.5855855855855855
