Fitness alignment:  {'percFitTraces': 0.0, 'averageFitness': 0.8512560659604108, 'percentage_of_fitting_traces': 0.0, 'average_trace_fitness': 0.8512560659604108, 'log_fitness': 0.8608154444189691}
Fitness token:  {'perc_fit_traces': 0.0, 'average_trace_fitness': 0.6222708118393722, 'log_fitness': 0.5782641294444463, 'percentage_of_fitting_traces': 0.0}
Precision:  0.3100537221795856
Generalization:  0.5856312269188889
Simplicity:  0.6082474226804123
