Fitness alignment:  {'percFitTraces': 44.413145539906104, 'averageFitness': 0.9119127462152629, 'percentage_of_fitting_traces': 44.413145539906104, 'average_trace_fitness': 0.9119127462152629, 'log_fitness': 0.883848453017427}
Fitness token:  {'perc_fit_traces': 41.26089872568746, 'average_trace_fitness': 0.8919219427777965, 'log_fitness': 0.8272763787345836, 'percentage_of_fitting_traces': 41.26089872568746}
Precision:  0.5628924888689069
Generalization:  0.8640757409126103
Simplicity:  0.6082474226804123
