Fitness alignment:  {'percFitTraces': 0.0, 'averageFitness': 0.9318910256410257, 'percentage_of_fitting_traces': 0.0, 'average_trace_fitness': 0.9318910256410257, 'log_fitness': 0.9291658137106277}
Fitness token:  {'perc_fit_traces': 0.0, 'average_trace_fitness': 0.9301613021125219, 'log_fitness': 0.9296569095597365, 'percentage_of_fitting_traces': 0.0}
Precision:  0.14947552447552448
Generalization:  0.39472502451624614
Simplicity:  0.625
