Fitness alignment:  {'percFitTraces': 6.903765690376569, 'averageFitness': 0.8623106714536642, 'percentage_of_fitting_traces': 6.903765690376569, 'average_trace_fitness': 0.8623106714536642, 'log_fitness': 0.8693121904307871}
Fitness token:  {'perc_fit_traces': 5.509065550906555, 'average_trace_fitness': 0.9056982078828364, 'log_fitness': 0.9243655624195324, 'percentage_of_fitting_traces': 5.509065550906555}
Precision:  0.4734066650961347
Generalization:  0.8111581147046684
Simplicity:  0.625
