Fitness alignment:  {'percFitTraces': 0.0, 'averageFitness': 0.9318910256410257, 'percentage_of_fitting_traces': 0.0, 'average_trace_fitness': 0.9318910256410257, 'log_fitness': 0.9291658137106277}
Fitness token:  {'perc_fit_traces': 0.0, 'average_trace_fitness': 0.9408326901637937, 'log_fitness': 0.9403113741636644, 'percentage_of_fitting_traces': 0.0}
Precision:  0.16930693069306935
Generalization:  0.45515984982405167
Simplicity:  0.6666666666666666
