Fitness alignment:  {'percFitTraces': 6.903765690376569, 'averageFitness': 0.8621847610244066, 'percentage_of_fitting_traces': 6.903765690376569, 'average_trace_fitness': 0.8621847610244066, 'log_fitness': 0.869137465463286}
Fitness token:  {'perc_fit_traces': 6.903765690376569, 'average_trace_fitness': 0.9102080212110795, 'log_fitness': 0.9282399574535658, 'percentage_of_fitting_traces': 6.903765690376569}
Precision:  0.552465930525825
Generalization:  0.8362555921456309
Simplicity:  0.6666666666666666
