Fitness alignment:  {'percFitTraces': 44.44444444444444, 'averageFitness': 0.9783079049514627, 'percentage_of_fitting_traces': 44.44444444444444, 'average_trace_fitness': 0.9783079049514627, 'log_fitness': 0.977479274958461}
Fitness token:  {'perc_fit_traces': 44.44444444444444, 'average_trace_fitness': 0.9939663239003941, 'log_fitness': 0.9940324552347051, 'percentage_of_fitting_traces': 44.44444444444444}
Precision:  0.08791480931154039
Generalization:  0.8040760568892538
Simplicity:  0.5913978494623656
