Fitness alignment:  {'percFitTraces': 0.0, 'averageFitness': 0.8083329599863912, 'percentage_of_fitting_traces': 0.0, 'average_trace_fitness': 0.8083329599863912, 'log_fitness': 0.8108031031551968}
Fitness token:  {'perc_fit_traces': 0.0, 'average_trace_fitness': 0.8380919095059838, 'log_fitness': 0.8405156735282725, 'percentage_of_fitting_traces': 0.0}
Precision:  0.20890137794267227
Generalization:  0.7611234614998758
Simplicity:  0.6444444444444444
