Fitness alignment:  {'percFitTraces': 0.0, 'averageFitness': 0.86396797275471, 'percentage_of_fitting_traces': 0.0, 'average_trace_fitness': 0.86396797275471, 'log_fitness': 0.8655948250096387}
Fitness token:  {'perc_fit_traces': 0.0, 'average_trace_fitness': 0.938953745161548, 'log_fitness': 0.9463196091883715, 'percentage_of_fitting_traces': 0.0}
Precision:  0.19076678163969218
Generalization:  0.7787084857901102
Simplicity:  0.6363636363636362
