Fitness alignment:  {'percFitTraces': 5.238095238095238, 'averageFitness': 0.8571513470440507, 'percentage_of_fitting_traces': 5.238095238095238, 'average_trace_fitness': 0.8571513470440507, 'log_fitness': 0.851091784441613}
Fitness token:  {'perc_fit_traces': 5.333333333333333, 'average_trace_fitness': 0.9337042309594528, 'log_fitness': 0.9463446862844103, 'percentage_of_fitting_traces': 5.333333333333333}
Precision:  0.32536090698495
Generalization:  0.9551350695074224
Simplicity:  0.6363636363636362
