Fitness alignment:  {'percFitTraces': 55.55555555555556, 'averageFitness': 0.9773846800893584, 'percentage_of_fitting_traces': 55.55555555555556, 'average_trace_fitness': 0.9773846800893584, 'log_fitness': 0.976008845613193}
Fitness token:  {'perc_fit_traces': 5.555555555555555, 'average_trace_fitness': 0.9781819270575701, 'log_fitness': 0.9779507146699596, 'percentage_of_fitting_traces': 5.555555555555555}
Precision:  0.09654139433551201
Generalization:  0.7964867111120306
Simplicity:  0.5157894736842105
