Fitness alignment:  {'percFitTraces': 0.0, 'averageFitness': 0.975, 'percentage_of_fitting_traces': 0.0, 'average_trace_fitness': 0.975, 'log_fitness': 0.9748252517474825}
Fitness token:  {'perc_fit_traces': 0.0, 'average_trace_fitness': 0.990990990990991, 'log_fitness': 0.990990990990991, 'percentage_of_fitting_traces': 0.0}
Precision:  0.07725321888412018
Generalization:  0.2980293814310033
Simplicity:  0.5333333333333333
