Fitness alignment:  {'percFitTraces': 0.0, 'averageFitness': 0.7162890428841197, 'percentage_of_fitting_traces': 0.0, 'average_trace_fitness': 0.7162890428841197, 'log_fitness': 0.7094331455488717}
Fitness token:  {'perc_fit_traces': 0.0, 'average_trace_fitness': 0.8483360089939209, 'log_fitness': 0.8386317333488326, 'percentage_of_fitting_traces': 0.0}
Precision:  0.32115869017632237
Generalization:  0.7222394610224787
Simplicity:  0.6363636363636362
