Fitness alignment:  {'percFitTraces': 2.0952380952380953, 'averageFitness': 0.7350265985450638, 'percentage_of_fitting_traces': 2.0952380952380953, 'average_trace_fitness': 0.7350265985450638, 'log_fitness': 0.7169750135499673}
Fitness token:  {'perc_fit_traces': 2.0952380952380953, 'average_trace_fitness': 0.8115752261311535, 'log_fitness': 0.7951774922522246, 'percentage_of_fitting_traces': 2.0952380952380953}
Precision:  0.5277013171750013
Generalization:  0.9157735102141418
Simplicity:  0.6363636363636362
