Fitness alignment:  {'percFitTraces': 0.0, 'averageFitness': 0.7783850621128553, 'percentage_of_fitting_traces': 0.0, 'average_trace_fitness': 0.7783850621128553, 'log_fitness': 0.7787033683448026}
Fitness token:  {'perc_fit_traces': 0.0, 'average_trace_fitness': 0.7314840510803708, 'log_fitness': 0.734932687001657, 'percentage_of_fitting_traces': 0.0}
Precision:  0.8670617029498905
Generalization:  0.9161740910407214
Simplicity:  0.7714285714285715
