Fitness alignment:  {'percFitTraces': 0.47619047619047616, 'averageFitness': 0.7320874764943212, 'percentage_of_fitting_traces': 0.47619047619047616, 'average_trace_fitness': 0.7320874764943212, 'log_fitness': 0.7196713145534392}
Fitness token:  {'perc_fit_traces': 0.0, 'average_trace_fitness': 0.7390113640573379, 'log_fitness': 0.7629776560255087, 'percentage_of_fitting_traces': 0.0}
Precision:  0.5460194019081215
Generalization:  0.855439735515645
Simplicity:  0.6111111111111112
