Fitness alignment:  {'percFitTraces': 0.0, 'averageFitness': 0.9135549376665786, 'percentage_of_fitting_traces': 0.0, 'average_trace_fitness': 0.9135549376665786, 'log_fitness': 0.9131542236572907}
Fitness token:  {'perc_fit_traces': 0.0, 'average_trace_fitness': 0.967111279146731, 'log_fitness': 0.9685779816513761, 'percentage_of_fitting_traces': 0.0}
Precision:  0.2474453702248074
Generalization:  0.5565350922090015
Simplicity:  0.6551724137931035
