Fitness alignment:  {'percFitTraces': 0.0, 'averageFitness': 0.8546218487394958, 'percentage_of_fitting_traces': 0.0, 'average_trace_fitness': 0.8546218487394958, 'log_fitness': 0.8541558254953283}
Fitness token:  {'perc_fit_traces': 0.0, 'average_trace_fitness': 0.8432664137371652, 'log_fitness': 0.8430775734517015, 'percentage_of_fitting_traces': 0.0}
Precision:  0.11658031088082899
Generalization:  0.45997919334601534
Simplicity:  0.5806451612903225
