Fitness alignment:  {'percFitTraces': 0.0, 'averageFitness': 0.8461538461538461, 'percentage_of_fitting_traces': 0.0, 'average_trace_fitness': 0.8461538461538461, 'log_fitness': 0.8460292918570483}
Fitness token:  {'perc_fit_traces': 0.0, 'average_trace_fitness': 0.7840909090909091, 'log_fitness': 0.7840909090909091, 'percentage_of_fitting_traces': 0.0}
Precision:  0.11377245508982037
Generalization:  0.09638663777217327
Simplicity:  0.5283018867924528
