Fitness alignment:  {'percFitTraces': 0.0, 'averageFitness': 0.8121666780642381, 'percentage_of_fitting_traces': 0.0, 'average_trace_fitness': 0.8121666780642381, 'log_fitness': 0.8134023646151289}
Fitness token:  {'perc_fit_traces': 0.0, 'average_trace_fitness': 0.7654049247284429, 'log_fitness': 0.7749140196619189, 'percentage_of_fitting_traces': 0.0}
Precision:  0.696046662346079
Generalization:  0.4974360545458949
Simplicity:  0.6304347826086957
