Fitness alignment:  {'percFitTraces': 0.0, 'averageFitness': 0.8541929304047717, 'percentage_of_fitting_traces': 0.0, 'average_trace_fitness': 0.8541929304047717, 'log_fitness': 0.8524609532259636}
Fitness token:  {'perc_fit_traces': 0.0, 'average_trace_fitness': 0.8103130148543652, 'log_fitness': 0.8144546443000428, 'percentage_of_fitting_traces': 0.0}
Precision:  0.8137489870165698
Generalization:  0.9001663176228654
Simplicity:  0.6705882352941176
