Fitness alignment:  {'percFitTraces': 0.0, 'averageFitness': 0.8541929304047717, 'percentage_of_fitting_traces': 0.0, 'average_trace_fitness': 0.8541929304047717, 'log_fitness': 0.8524609532259636}
Fitness token:  {'perc_fit_traces': 0.0, 'average_trace_fitness': 0.8417186288210411, 'log_fitness': 0.8429550126721994, 'percentage_of_fitting_traces': 0.0}
Precision:  0.7808494054824962
Generalization:  0.9023480834284823
Simplicity:  0.6304347826086957
