Fitness alignment:  {'percFitTraces': 0.0, 'averageFitness': 0.8442881462172726, 'percentage_of_fitting_traces': 0.0, 'average_trace_fitness': 0.8442881462172726, 'log_fitness': 0.8426773507934069}
Fitness token:  {'perc_fit_traces': 0.0, 'average_trace_fitness': 0.8103130148543652, 'log_fitness': 0.8144546443000428, 'percentage_of_fitting_traces': 0.0}
Precision:  0.7960864565011501
Generalization:  0.8701607737021032
Simplicity:  0.6444444444444444
