Fitness alignment:  {'percFitTraces': 0.0, 'averageFitness': 0.7080212847195035, 'percentage_of_fitting_traces': 0.0, 'average_trace_fitness': 0.7080212847195035, 'log_fitness': 0.710587669987083}
Fitness token:  {'perc_fit_traces': 0.0, 'average_trace_fitness': 0.8294701336114166, 'log_fitness': 0.8323559720981419, 'percentage_of_fitting_traces': 0.0}
Precision:  0.5286585774619561
Generalization:  0.8192695825662117
Simplicity:  0.7224880382775118
