Fitness alignment:  {'percFitTraces': 0.0, 'averageFitness': 0.7416390579609924, 'percentage_of_fitting_traces': 0.0, 'average_trace_fitness': 0.7416390579609924, 'log_fitness': 0.7399427688023611}
Fitness token:  {'perc_fit_traces': 0.0, 'average_trace_fitness': 0.8240745967398367, 'log_fitness': 0.8387317715526019, 'percentage_of_fitting_traces': 0.0}
Precision:  0.36721660457690264
Generalization:  0.728695556919986
Simplicity:  0.6666666666666666
