Fitness alignment:  {'percFitTraces': 27.77777777777778, 'averageFitness': 0.941673121752352, 'percentage_of_fitting_traces': 27.77777777777778, 'average_trace_fitness': 0.941673121752352, 'log_fitness': 0.9426846283148336}
Fitness token:  {'perc_fit_traces': 5.555555555555555, 'average_trace_fitness': 0.9833756992866564, 'log_fitness': 0.9846440203122901, 'percentage_of_fitting_traces': 5.555555555555555}
Precision:  0.13004146249528836
Generalization:  0.6763712824721954
Simplicity:  0.5490196078431372
