Fitness alignment:  {'percFitTraces': 0.0, 'averageFitness': 0.975, 'percentage_of_fitting_traces': 0.0, 'average_trace_fitness': 0.975, 'log_fitness': 0.9748253146835665}
Fitness token:  {'perc_fit_traces': 0.0, 'average_trace_fitness': 0.9908256880733946, 'log_fitness': 0.9908256880733946, 'percentage_of_fitting_traces': 0.0}
Precision:  0.0949868073878628
Generalization:  0.24223433619098544
Simplicity:  0.5490196078431372
