Fitness alignment:  {'percFitTraces': 21.266666666666666, 'averageFitness': 0.9387763564183365, 'percentage_of_fitting_traces': 21.266666666666666, 'average_trace_fitness': 0.9387763564183365, 'log_fitness': 0.9384082672503499}
Fitness token:  {'perc_fit_traces': 21.266666666666666, 'average_trace_fitness': 0.9187274227770506, 'log_fitness': 0.9166715131605264, 'percentage_of_fitting_traces': 21.266666666666666}
Precision:  0.8915900252501981
Generalization:  0.9663361945581753
Simplicity:  0.717391304347826
