Fitness alignment:  {'percFitTraces': 0.0, 'averageFitness': 0.8108108108108107, 'percentage_of_fitting_traces': 0.0, 'average_trace_fitness': 0.8108108108108107, 'log_fitness': 0.8106723170560318}
Fitness token:  {'perc_fit_traces': 0.0, 'average_trace_fitness': 0.9753086419753086, 'log_fitness': 0.9753086419753086, 'percentage_of_fitting_traces': 0.0}
Precision:  0.11153846153846159
Generalization:  0.28065448688217176
Simplicity:  0.6111111111111112
