Fitness alignment:  {'percFitTraces': 0.0, 'averageFitness': 0.7125961832298835, 'percentage_of_fitting_traces': 0.0, 'average_trace_fitness': 0.7125961832298835, 'log_fitness': 0.7004855009376356}
Fitness token:  {'perc_fit_traces': 0.0, 'average_trace_fitness': 0.6952864505250635, 'log_fitness': 0.6903869708902188, 'percentage_of_fitting_traces': 0.0}
Precision:  0.5691102166652393
Generalization:  0.8300518788161789
Simplicity:  0.6422764227642277
