Fitness alignment:  {'percFitTraces': 0.0, 'averageFitness': 0.7846955035611959, 'percentage_of_fitting_traces': 0.0, 'average_trace_fitness': 0.7846955035611959, 'log_fitness': 0.7860753889299482}
Fitness token:  {'perc_fit_traces': 0.0, 'average_trace_fitness': 0.8463221502426237, 'log_fitness': 0.8498896382786518, 'percentage_of_fitting_traces': 0.0}
Precision:  0.3530741012472487
Generalization:  0.771895291122192
Simplicity:  0.6442687747035574
