Fitness alignment:  {'percFitTraces': 0.0, 'averageFitness': 0.8101604278074866, 'percentage_of_fitting_traces': 0.0, 'average_trace_fitness': 0.8101604278074866, 'log_fitness': 0.8097697069087928}
Fitness token:  {'perc_fit_traces': 0.0, 'average_trace_fitness': 0.9247596781696701, 'log_fitness': 0.9246697154471545, 'percentage_of_fitting_traces': 0.0}
Precision:  0.1098039215686275
Generalization:  0.4987937282574938
Simplicity:  0.5862068965517241
