Fitness alignment:  {'percFitTraces': 36.0, 'averageFitness': 0.9642460720697749, 'percentage_of_fitting_traces': 36.0, 'average_trace_fitness': 0.9642460720697749, 'log_fitness': 0.9635513555175765}
Fitness token:  {'perc_fit_traces': 0.0, 'average_trace_fitness': 0.9620053961892928, 'log_fitness': 0.9638813050382119, 'percentage_of_fitting_traces': 0.0}
Precision:  0.1073732136081953
Generalization:  0.7223950361683953
Simplicity:  0.33884297520661155
