Fitness alignment:  {'percFitTraces': 0.0, 'averageFitness': 0.9525470012975542, 'percentage_of_fitting_traces': 0.0, 'average_trace_fitness': 0.9525470012975542, 'log_fitness': 0.953485181445469}
Fitness token:  {'perc_fit_traces': 23.80952380952381, 'average_trace_fitness': 0.9903796831385678, 'log_fitness': 0.9906291194296364, 'percentage_of_fitting_traces': 23.80952380952381}
Precision:  0.12566318023343948
Generalization:  0.8261209932973917
Simplicity:  0.6565656565656566
