Fitness alignment:  {'percFitTraces': 25.0, 'averageFitness': 0.9778759886054776, 'percentage_of_fitting_traces': 25.0, 'average_trace_fitness': 0.9778759886054776, 'log_fitness': 0.9778705267432477}
Fitness token:  {'perc_fit_traces': 0.0, 'average_trace_fitness': 0.9601709205051295, 'log_fitness': 0.9605455477306808, 'percentage_of_fitting_traces': 0.0}
Precision:  0.11843385214007784
Generalization:  0.7263317912422658
Simplicity:  0.5555555555555556
