Fitness alignment:  {'percFitTraces': 0.0, 'averageFitness': 0.9520549432507637, 'percentage_of_fitting_traces': 0.0, 'average_trace_fitness': 0.9520549432507637, 'log_fitness': 0.9517281284693719}
Fitness token:  {'perc_fit_traces': 16.666666666666668, 'average_trace_fitness': 0.9900743547453383, 'log_fitness': 0.9901725676735169, 'percentage_of_fitting_traces': 16.666666666666668}
Precision:  0.11775000000000002
Generalization:  0.7851256500941222
Simplicity:  0.6565656565656566
