Fitness alignment:  {'percFitTraces': 0.0, 'averageFitness': 0.6865654858808249, 'percentage_of_fitting_traces': 0.0, 'average_trace_fitness': 0.6865654858808249, 'log_fitness': 0.6845189480442805}
Fitness token:  {'perc_fit_traces': 0.0, 'average_trace_fitness': 0.8629583774551929, 'log_fitness': 0.8757396567589877, 'percentage_of_fitting_traces': 0.0}
Precision:  0.41371367824238126
Generalization:  0.782023732904899
Simplicity:  0.6842105263157894
