Fitness alignment:  {'percFitTraces': 99.75247524752476, 'averageFitness': 0.9998821310702499, 'percentage_of_fitting_traces': 99.75247524752476, 'average_trace_fitness': 0.9998821310702499, 'log_fitness': 0.999635477863686}
Fitness token:  {'perc_fit_traces': 0.0, 'average_trace_fitness': 0.9624864268541293, 'log_fitness': 0.9656103328341508, 'percentage_of_fitting_traces': 0.0}
Precision:  0.125472235367722
Generalization:  0.7091889746474436
Simplicity:  0.5567567567567567
