Fitness alignment:  {'percFitTraces': 98.57142857142857, 'averageFitness': 0.9990872192100364, 'percentage_of_fitting_traces': 98.57142857142857, 'average_trace_fitness': 0.9990872192100364, 'log_fitness': 0.9989552077894004}
Fitness token:  {'perc_fit_traces': 0.0, 'average_trace_fitness': 0.9258672253088138, 'log_fitness': 0.9247531646362654, 'percentage_of_fitting_traces': 0.0}
Precision:  0.1755239974076105
Generalization:  0.7289637239677207
Simplicity:  0.5567567567567567
