Fitness alignment:  {'percFitTraces': 0.38095238095238093, 'averageFitness': 0.7518772994496501, 'percentage_of_fitting_traces': 0.38095238095238093, 'average_trace_fitness': 0.7518772994496501, 'log_fitness': 0.7396255775402301}
Fitness token:  {'perc_fit_traces': 0.2857142857142857, 'average_trace_fitness': 0.8474001116365274, 'log_fitness': 0.8663875746670251, 'percentage_of_fitting_traces': 0.2857142857142857}
Precision:  0.4612154942740372
Generalization:  0.9516720913647441
Simplicity:  0.6428571428571429
