Fitness alignment:  {'percFitTraces': 0.0, 'averageFitness': 0.7229176569306838, 'percentage_of_fitting_traces': 0.0, 'average_trace_fitness': 0.7229176569306838, 'log_fitness': 0.7219427817618329}
Fitness token:  {'perc_fit_traces': 0.0, 'average_trace_fitness': 0.8722521764039259, 'log_fitness': 0.8797537353718003, 'percentage_of_fitting_traces': 0.0}
Precision:  0.32583614963290997
Generalization:  0.9192008697433802
Simplicity:  0.6428571428571429
