Fitness alignment:  {'percFitTraces': 0.38095238095238093, 'averageFitness': 0.7966193773375548, 'percentage_of_fitting_traces': 0.38095238095238093, 'average_trace_fitness': 0.7966193773375548, 'log_fitness': 0.7847749556185477}
Fitness token:  {'perc_fit_traces': 0.38095238095238093, 'average_trace_fitness': 0.89603797133266, 'log_fitness': 0.9088630775985129, 'percentage_of_fitting_traces': 0.38095238095238093}
Precision:  0.3757904676516315
Generalization:  0.9485853236648472
Simplicity:  0.6321839080459769
