Fitness alignment:  {'percFitTraces': 0.0, 'averageFitness': 0.7750275460838971, 'percentage_of_fitting_traces': 0.0, 'average_trace_fitness': 0.7750275460838971, 'log_fitness': 0.7663925577155681}
Fitness token:  {'perc_fit_traces': 0.0, 'average_trace_fitness': 0.9121080901449778, 'log_fitness': 0.9159199673485281, 'percentage_of_fitting_traces': 0.0}
Precision:  0.2546802434591975
Generalization:  0.9132764313497694
Simplicity:  0.6321839080459769
