Fitness alignment:  {'percFitTraces': 38.888888888888886, 'averageFitness': 0.9699612104936571, 'percentage_of_fitting_traces': 38.888888888888886, 'average_trace_fitness': 0.9699612104936571, 'log_fitness': 0.9696428866209783}
Fitness token:  {'perc_fit_traces': 5.555555555555555, 'average_trace_fitness': 0.9846037326307129, 'log_fitness': 0.98453361337845, 'percentage_of_fitting_traces': 5.555555555555555}
Precision:  0.0976589555340075
Generalization:  0.7658511290721144
Simplicity:  0.5042735042735043
