Fitness alignment:  {'percFitTraces': 100.0, 'averageFitness': 1.0, 'percentage_of_fitting_traces': 100.0, 'average_trace_fitness': 1.0, 'log_fitness': 0.9998378395909233}
Fitness token:  {'perc_fit_traces': 0.0, 'average_trace_fitness': 0.9738486842105263, 'log_fitness': 0.9738486842105263, 'percentage_of_fitting_traces': 0.0}
Precision:  0.07834101382488479
Generalization:  0.229793993277582
Simplicity:  0.5042735042735043
