Fitness alignment:  {'percFitTraces': 0.0, 'averageFitness': 0.9189189189189189, 'percentage_of_fitting_traces': 0.0, 'average_trace_fitness': 0.9189189189189189, 'log_fitness': 0.9187711484200171}
Fitness token:  {'perc_fit_traces': 0.0, 'average_trace_fitness': 0.966529304029304, 'log_fitness': 0.966529304029304, 'percentage_of_fitting_traces': 0.0}
Precision:  0.08179419525065967
Generalization:  0.2589580048222475
Simplicity:  0.5490196078431372
