Fitness alignment:  {'percFitTraces': 0.0, 'averageFitness': 0.7270035641096902, 'percentage_of_fitting_traces': 0.0, 'average_trace_fitness': 0.7270035641096902, 'log_fitness': 0.7132573456777266}
Fitness token:  {'perc_fit_traces': 0.0, 'average_trace_fitness': 0.8466871534786816, 'log_fitness': 0.8781259869524918, 'percentage_of_fitting_traces': 0.0}
Precision:  0.5630941085909669
Generalization:  0.9138871796182231
Simplicity:  0.5833333333333333
