Fitness alignment:  {'percFitTraces': 0.0, 'averageFitness': 0.7178243450425734, 'percentage_of_fitting_traces': 0.0, 'average_trace_fitness': 0.7178243450425734, 'log_fitness': 0.7163165366307482}
Fitness token:  {'perc_fit_traces': 0.0, 'average_trace_fitness': 0.8659253724458288, 'log_fitness': 0.882107646676242, 'percentage_of_fitting_traces': 0.0}
Precision:  0.4283646888567294
Generalization:  0.827325953470776
Simplicity:  0.627906976744186
