Fitness alignment:  {'percFitTraces': 0.0, 'averageFitness': 0.7254272428720075, 'percentage_of_fitting_traces': 0.0, 'average_trace_fitness': 0.7254272428720075, 'log_fitness': 0.7110858321186742}
Fitness token:  {'perc_fit_traces': 0.0, 'average_trace_fitness': 0.8464339884668389, 'log_fitness': 0.8776421682570047, 'percentage_of_fitting_traces': 0.0}
Precision:  0.5655972227520696
Generalization:  0.9456918115717252
Simplicity:  0.627906976744186
