Fitness alignment:  {'percFitTraces': 22.8, 'averageFitness': 0.7829654257298129, 'percentage_of_fitting_traces': 22.8, 'average_trace_fitness': 0.7829654257298129, 'log_fitness': 0.7660053815154481}
Fitness token:  {'perc_fit_traces': 22.8, 'average_trace_fitness': 0.9410540885340729, 'log_fitness': 0.9537989301565017, 'percentage_of_fitting_traces': 22.8}
Precision:  0.35051967860119193
Generalization:  0.9670842387753735
Simplicity:  0.6049382716049383
