Fitness alignment:  {'percFitTraces': 0.0, 'averageFitness': 0.9230208425199167, 'percentage_of_fitting_traces': 0.0, 'average_trace_fitness': 0.9230208425199167, 'log_fitness': 0.9212639138724693}
Fitness token:  {'perc_fit_traces': 0.0, 'average_trace_fitness': 0.9369090553821677, 'log_fitness': 0.9377313571501154, 'percentage_of_fitting_traces': 0.0}
Precision:  0.1641046946406315
Generalization:  0.4494062442604777
Simplicity:  0.6481481481481483
