Fitness alignment:  {'percFitTraces': 3.4482758620689653, 'averageFitness': 0.9296469412352648, 'percentage_of_fitting_traces': 3.4482758620689653, 'average_trace_fitness': 0.9296469412352648, 'log_fitness': 0.9280059413794381}
Fitness token:  {'perc_fit_traces': 3.4482758620689653, 'average_trace_fitness': 0.9464833180647693, 'log_fitness': 0.946485030961377, 'percentage_of_fitting_traces': 3.4482758620689653}
Precision:  0.133153092260899
Generalization:  0.4375916675085434
Simplicity:  0.578125
