Fitness alignment:  {'percFitTraces': 0.0, 'averageFitness': 0.9641025641025641, 'percentage_of_fitting_traces': 0.0, 'average_trace_fitness': 0.9641025641025641, 'log_fitness': 0.9635530367650248}
Fitness token:  {'perc_fit_traces': 0.0, 'average_trace_fitness': 0.9192330550394248, 'log_fitness': 0.9192273165727158, 'percentage_of_fitting_traces': 0.0}
Precision:  0.11267605633802813
Generalization:  0.552799861132113
Simplicity:  0.5244755244755245
