Fitness alignment:  {'percFitTraces': 4.761904761904762, 'averageFitness': 0.950104205997616, 'percentage_of_fitting_traces': 4.761904761904762, 'average_trace_fitness': 0.950104205997616, 'log_fitness': 0.9508536212447697}
Fitness token:  {'perc_fit_traces': 4.761904761904762, 'average_trace_fitness': 0.9567189276487953, 'log_fitness': 0.9575078711970029, 'percentage_of_fitting_traces': 4.761904761904762}
Precision:  0.12465795074490726
Generalization:  0.8043274486227325
Simplicity:  0.546875
