Fitness alignment:  {'percFitTraces': 0.0, 'averageFitness': 0.8541929304047717, 'percentage_of_fitting_traces': 0.0, 'average_trace_fitness': 0.8541929304047717, 'log_fitness': 0.8524609532259636}
Fitness token:  {'perc_fit_traces': 0.0, 'average_trace_fitness': 0.8342185635848439, 'log_fitness': 0.8346705799452057, 'percentage_of_fitting_traces': 0.0}
Precision:  0.849755428406404
Generalization:  0.9012847521838819
Simplicity:  0.6705882352941176
