Fitness alignment:  {'percFitTraces': 0.0, 'averageFitness': 0.7219879356608163, 'percentage_of_fitting_traces': 0.0, 'average_trace_fitness': 0.7219879356608163, 'log_fitness': 0.7245050462590186}
Fitness token:  {'perc_fit_traces': 0.0, 'average_trace_fitness': 0.8420592322981871, 'log_fitness': 0.8446103139788329, 'percentage_of_fitting_traces': 0.0}
Precision:  0.5402788445872029
Generalization:  0.8332322776005685
Simplicity:  0.7224880382775118
