Fitness alignment:  {'percFitTraces': 100.0, 'averageFitness': 1.0, 'percentage_of_fitting_traces': 100.0, 'average_trace_fitness': 1.0, 'log_fitness': 0.9998423101183058}
Fitness token:  {'perc_fit_traces': 0.0, 'average_trace_fitness': 0.9533577533577533, 'log_fitness': 0.9533577533577533, 'percentage_of_fitting_traces': 0.0}
Precision:  0.09055118110236215
Generalization:  0.17175125663580804
Simplicity:  0.5157894736842105
