Fitness alignment:  {'percFitTraces': 0.0, 'averageFitness': 0.925, 'percentage_of_fitting_traces': 0.0, 'average_trace_fitness': 0.925, 'log_fitness': 0.9248307516924831}
Fitness token:  {'perc_fit_traces': 0.0, 'average_trace_fitness': 0.9756329716352561, 'log_fitness': 0.9756329716352561, 'percentage_of_fitting_traces': 0.0}
Precision:  0.096045197740113
Generalization:  0.29854438012707263
Simplicity:  0.6111111111111112
