Fitness alignment:  {'percFitTraces': 100.0, 'averageFitness': 1.0, 'percentage_of_fitting_traces': 100.0, 'average_trace_fitness': 1.0, 'log_fitness': 0.9998961554437624}
Fitness token:  {'perc_fit_traces': 0.0, 'average_trace_fitness': 0.7652777777777777, 'log_fitness': 0.7652777777777777, 'percentage_of_fitting_traces': 0.0}
Precision:  0.1352941176470588
Generalization:  0.08809924653482804
Simplicity:  0.6129032258064515
