Fitness alignment:  {'percFitTraces': 0.0, 'averageFitness': 0.7410563203522196, 'percentage_of_fitting_traces': 0.0, 'average_trace_fitness': 0.7410563203522196, 'log_fitness': 0.729373724141685}
Fitness token:  {'perc_fit_traces': 0.0, 'average_trace_fitness': 0.8894657398296564, 'log_fitness': 0.8908309691689543, 'percentage_of_fitting_traces': 0.0}
Precision:  0.24386494334680864
Generalization:  0.8956413596217594
Simplicity:  0.6585365853658536
