Fitness alignment:  {'percFitTraces': 0.38095238095238093, 'averageFitness': 0.7518772994496501, 'percentage_of_fitting_traces': 0.38095238095238093, 'average_trace_fitness': 0.7518772994496501, 'log_fitness': 0.739618884452911}
Fitness token:  {'perc_fit_traces': 0.38095238095238093, 'average_trace_fitness': 0.852354002643758, 'log_fitness': 0.8782599620098084, 'percentage_of_fitting_traces': 0.38095238095238093}
Precision:  0.4598935098575334
Generalization:  0.9528215982137017
Simplicity:  0.6708860759493671
