Fitness alignment:  {'percFitTraces': 0.0, 'averageFitness': 0.9127529540540505, 'percentage_of_fitting_traces': 0.0, 'average_trace_fitness': 0.9127529540540505, 'log_fitness': 0.9112340630262208}
Fitness token:  {'perc_fit_traces': 0.0, 'average_trace_fitness': 0.8640348611584503, 'log_fitness': 0.8613450741299546, 'percentage_of_fitting_traces': 0.0}
Precision:  0.7673038892551087
Generalization:  0.9160503338541847
Simplicity:  0.6666666666666666
