Fitness alignment:  {'percFitTraces': 93.86331938633194, 'averageFitness': 0.9875919804662183, 'percentage_of_fitting_traces': 93.86331938633194, 'average_trace_fitness': 0.9875919804662183, 'log_fitness': 0.9815789126360184}
Fitness token:  {'perc_fit_traces': 100.0, 'average_trace_fitness': 1.0, 'log_fitness': 1.0, 'percentage_of_fitting_traces': 100.0}
Precision:  0.21892827430473016
Generalization:  0.8264249039323258
Simplicity:  0.6417910447761194
