Fitness alignment:  {'percFitTraces': 100.0, 'averageFitness': 1.0, 'percentage_of_fitting_traces': 100.0, 'average_trace_fitness': 1.0, 'log_fitness': 0.9999392265856232}
Fitness token:  {'perc_fit_traces': 25.0, 'average_trace_fitness': 0.98547616669387, 'log_fitness': 0.9849860263831803, 'percentage_of_fitting_traces': 25.0}
Precision:  0.23511041713138525
Generalization:  0.7291490738929666
Simplicity:  0.5569620253164557
