Fitness alignment:  {'percFitTraces': 0.0, 'averageFitness': 0.7836740017555421, 'percentage_of_fitting_traces': 0.0, 'average_trace_fitness': 0.7836740017555421, 'log_fitness': 0.7862030804072829}
Fitness token:  {'perc_fit_traces': 0.0, 'average_trace_fitness': 0.827924771158125, 'log_fitness': 0.8297063015449342, 'percentage_of_fitting_traces': 0.0}
Precision:  0.5362792725460888
Generalization:  0.6846832541747322
Simplicity:  0.7190082644628099
