Fitness alignment:  {'percFitTraces': 0.0, 'averageFitness': 0.8192835731636157, 'percentage_of_fitting_traces': 0.0, 'average_trace_fitness': 0.8192835731636157, 'log_fitness': 0.8195179758468516}
Fitness token:  {'perc_fit_traces': 0.0, 'average_trace_fitness': 0.8618361273036654, 'log_fitness': 0.8631566617756166, 'percentage_of_fitting_traces': 0.0}
Precision:  0.6365318986630264
Generalization:  0.7716892881756983
Simplicity:  0.7190082644628099
