Fitness alignment:  {'percFitTraces': 0.0, 'averageFitness': 0.9398237179487179, 'percentage_of_fitting_traces': 0.0, 'average_trace_fitness': 0.9398237179487179, 'log_fitness': 0.9393996347111182}
Fitness token:  {'perc_fit_traces': 50.0, 'average_trace_fitness': 0.995622158039124, 'log_fitness': 0.9950141558196011, 'percentage_of_fitting_traces': 50.0}
Precision:  0.10606060606060608
Generalization:  0.6803463666449499
Simplicity:  0.6595744680851063
