Fitness alignment:  {'percFitTraces': 33.333333333333336, 'averageFitness': 0.9758639283087523, 'percentage_of_fitting_traces': 33.333333333333336, 'average_trace_fitness': 0.9758639283087523, 'log_fitness': 0.9738685788924046}
Fitness token:  {'perc_fit_traces': 0.0, 'average_trace_fitness': 0.9598021730761065, 'log_fitness': 0.9604244573288179, 'percentage_of_fitting_traces': 0.0}
Precision:  0.12688912165195276
Generalization:  0.8176896578897481
Simplicity:  0.6000000000000001
