Fitness alignment:  {'percFitTraces': 0.0, 'averageFitness': 0.9648705461205461, 'percentage_of_fitting_traces': 0.0, 'average_trace_fitness': 0.9648705461205461, 'log_fitness': 0.964042727253899}
Fitness token:  {'perc_fit_traces': 25.0, 'average_trace_fitness': 0.9925892682623122, 'log_fitness': 0.992784484055355, 'percentage_of_fitting_traces': 25.0}
Precision:  0.1130212143379663
Generalization:  0.7477080000496201
Simplicity:  0.6565656565656566
