Fitness alignment:  {'percFitTraces': 23.80952380952381, 'averageFitness': 0.9726226864605898, 'percentage_of_fitting_traces': 23.80952380952381, 'average_trace_fitness': 0.9726226864605898, 'log_fitness': 0.9732675276183219}
Fitness token:  {'perc_fit_traces': 0.0, 'average_trace_fitness': 0.9562663977253348, 'log_fitness': 0.9549696598861388, 'percentage_of_fitting_traces': 0.0}
Precision:  0.12255184331797231
Generalization:  0.8165349551104691
Simplicity:  0.6000000000000001
