Fitness alignment:  {'percFitTraces': 25.0, 'averageFitness': 0.9801349691974691, 'percentage_of_fitting_traces': 25.0, 'average_trace_fitness': 0.9801349691974691, 'log_fitness': 0.9802178691257792}
Fitness token:  {'perc_fit_traces': 0.0, 'average_trace_fitness': 0.9555390360224656, 'log_fitness': 0.9552788395948364, 'percentage_of_fitting_traces': 0.0}
Precision:  0.10944579993028924
Generalization:  0.7327309715526461
Simplicity:  0.6000000000000001
