Fitness alignment:  {'percFitTraces': 0.0, 'averageFitness': 0.8143488892283323, 'percentage_of_fitting_traces': 0.0, 'average_trace_fitness': 0.8143488892283323, 'log_fitness': 0.8153846153846154}
Fitness token:  {'perc_fit_traces': 0.0, 'average_trace_fitness': 0.6499592160541859, 'log_fitness': 0.6619591921242466, 'percentage_of_fitting_traces': 0.0}
Precision:  0.7791576673866091
Generalization:  0.6651374179290044
Simplicity:  0.7714285714285715
