Fitness alignment:  {'percFitTraces': 22.22222222222222, 'averageFitness': 0.9341077641869945, 'percentage_of_fitting_traces': 22.22222222222222, 'average_trace_fitness': 0.9341077641869945, 'log_fitness': 0.9347548726427254}
Fitness token:  {'perc_fit_traces': 0.0, 'average_trace_fitness': 0.884454337866272, 'log_fitness': 0.8850947005427129, 'percentage_of_fitting_traces': 0.0}
Precision:  0.13558330081935233
Generalization:  0.5957582641720516
Simplicity:  0.6263736263736264
