Fitness alignment:  {'percFitTraces': 0.0, 'averageFitness': 0.7971234078637237, 'percentage_of_fitting_traces': 0.0, 'average_trace_fitness': 0.7971234078637237, 'log_fitness': 0.7990141830635541}
Fitness token:  {'perc_fit_traces': 0.0, 'average_trace_fitness': 0.693332376062866, 'log_fitness': 0.7088250623379375, 'percentage_of_fitting_traces': 0.0}
Precision:  0.7533252720677146
Generalization:  0.46934869860576534
Simplicity:  0.6666666666666666
