Fitness alignment:  {'percFitTraces': 0.0, 'averageFitness': 0.821869430697399, 'percentage_of_fitting_traces': 0.0, 'average_trace_fitness': 0.821869430697399, 'log_fitness': 0.8241984278034714}
Fitness token:  {'perc_fit_traces': 0.0, 'average_trace_fitness': 0.8621672578653795, 'log_fitness': 0.8593902104906341, 'percentage_of_fitting_traces': 0.0}
Precision:  0.5525733716285366
Generalization:  0.762668763022311
Simplicity:  0.6859504132231405
