Fitness alignment:  {'percFitTraces': 23.80952380952381, 'averageFitness': 0.9726226864605898, 'percentage_of_fitting_traces': 23.80952380952381, 'average_trace_fitness': 0.9726226864605898, 'log_fitness': 0.9732659445662661}
Fitness token:  {'perc_fit_traces': 23.80952380952381, 'average_trace_fitness': 0.9904073670497239, 'log_fitness': 0.9906633028334704, 'percentage_of_fitting_traces': 23.80952380952381}
Precision:  0.1240524781341108
Generalization:  0.8267759263526341
Simplicity:  0.6538461538461539
