Fitness alignment:  {'percFitTraces': 50.0, 'averageFitness': 0.9852941176470589, 'percentage_of_fitting_traces': 50.0, 'average_trace_fitness': 0.9852941176470589, 'log_fitness': 0.9859238275792161}
Fitness token:  {'perc_fit_traces': 50.0, 'average_trace_fitness': 0.9962437185929648, 'log_fitness': 0.9963114704494014, 'percentage_of_fitting_traces': 50.0}
Precision:  0.10339734121122601
Generalization:  0.48137135397450714
Simplicity:  0.6538461538461539
