Fitness alignment:  {'percFitTraces': 0.0, 'averageFitness': 0.8108108108108107, 'percentage_of_fitting_traces': 0.0, 'average_trace_fitness': 0.8108108108108107, 'log_fitness': 0.8106322887528548}
Fitness token:  {'perc_fit_traces': 0.0, 'average_trace_fitness': 0.9526209677419355, 'log_fitness': 0.9526209677419355, 'percentage_of_fitting_traces': 0.0}
Precision:  0.11153846153846159
Generalization:  0.19832158103655506
Simplicity:  0.4657534246575343
