Fitness alignment:  {'percFitTraces': 100.0, 'averageFitness': 1.0, 'percentage_of_fitting_traces': 100.0, 'average_trace_fitness': 1.0, 'log_fitness': 0.9999112809674953}
Fitness token:  {'perc_fit_traces': 4.901960784313726, 'average_trace_fitness': 0.9461066001377736, 'log_fitness': 0.9486333566129164, 'percentage_of_fitting_traces': 4.901960784313726}
Precision:  0.25234167482175307
Generalization:  0.8364458699586524
Simplicity:  0.5586206896551724
