Fitness alignment:  {'percFitTraces': 100.0, 'averageFitness': 1.0, 'percentage_of_fitting_traces': 100.0, 'average_trace_fitness': 1.0, 'log_fitness': 0.9999610670798763}
Fitness token:  {'perc_fit_traces': 26.8, 'average_trace_fitness': 0.9486043893794827, 'log_fitness': 0.9499558035401097, 'percentage_of_fitting_traces': 26.8}
Precision:  0.3195567649166873
Generalization:  0.9631836086365999
Simplicity:  0.5460992907801419
