Fitness alignment:  {'percFitTraces': 0.0, 'averageFitness': 0.8532057004739254, 'percentage_of_fitting_traces': 0.0, 'average_trace_fitness': 0.8532057004739254, 'log_fitness': 0.8543916369261821}
Fitness token:  {'perc_fit_traces': 0.0, 'average_trace_fitness': 0.8079060084592252, 'log_fitness': 0.8121062787917956, 'percentage_of_fitting_traces': 0.0}
Precision:  0.6218861209964412
Generalization:  0.8312557382955147
Simplicity:  0.7000000000000001
