Fitness alignment:  {'percFitTraces': 100.0, 'averageFitness': 1.0, 'percentage_of_fitting_traces': 100.0, 'average_trace_fitness': 1.0, 'log_fitness': 0.9996784669013287}
Fitness token:  {'perc_fit_traces': 16.93548387096774, 'average_trace_fitness': 0.9925043190157127, 'log_fitness': 0.994103643063923, 'percentage_of_fitting_traces': 16.93548387096774}
Precision:  0.09230669434353922
Generalization:  0.8315902774185214
Simplicity:  0.5855855855855855
