Fitness alignment:  {'percFitTraces': 100.0, 'averageFitness': 1.0, 'percentage_of_fitting_traces': 100.0, 'average_trace_fitness': 1.0, 'log_fitness': 0.999723281680964}
Fitness token:  {'perc_fit_traces': 29.61904761904762, 'average_trace_fitness': 0.989025745952615, 'log_fitness': 0.9900656514600799, 'percentage_of_fitting_traces': 29.61904761904762}
Precision:  0.17737751226859022
Generalization:  0.89687286510797
Simplicity:  0.5855855855855855
