Fitness alignment:  {'percFitTraces': 0.0, 'averageFitness': 0.7347554646271846, 'percentage_of_fitting_traces': 0.0, 'average_trace_fitness': 0.7347554646271846, 'log_fitness': 0.7383137486337323}
Fitness token:  {'perc_fit_traces': 0.0, 'average_trace_fitness': 0.8584679948201486, 'log_fitness': 0.8621518760776157, 'percentage_of_fitting_traces': 0.0}
Precision:  0.5449941107184924
Generalization:  0.8238181618153322
Simplicity:  0.7224880382775118
