Fitness alignment:  {'percFitTraces': 0.0, 'averageFitness': 0.792054561113846, 'percentage_of_fitting_traces': 0.0, 'average_trace_fitness': 0.792054561113846, 'log_fitness': 0.7907084426609045}
Fitness token:  {'perc_fit_traces': 0.0, 'average_trace_fitness': 0.6505246688709209, 'log_fitness': 0.6633148635165462, 'percentage_of_fitting_traces': 0.0}
Precision:  0.8973029956953351
Generalization:  0.934903801980054
Simplicity:  0.7714285714285715
