Fitness alignment:  {'percFitTraces': 50.0, 'averageFitness': 0.9840141610609445, 'percentage_of_fitting_traces': 50.0, 'average_trace_fitness': 0.9840141610609445, 'log_fitness': 0.9839270090881501}
Fitness token:  {'perc_fit_traces': 5.555555555555555, 'average_trace_fitness': 0.9871930076944925, 'log_fitness': 0.9872786845262094, 'percentage_of_fitting_traces': 5.555555555555555}
Precision:  0.0885636318531382
Generalization:  0.7835790533928019
Simplicity:  0.4803149606299213
