Fitness alignment:  {'percFitTraces': 22.22222222222222, 'averageFitness': 0.9484806265130731, 'percentage_of_fitting_traces': 22.22222222222222, 'average_trace_fitness': 0.9484806265130731, 'log_fitness': 0.9490116938346101}
Fitness token:  {'perc_fit_traces': 22.22222222222222, 'average_trace_fitness': 0.98717283873315, 'log_fitness': 0.9873690581430957, 'percentage_of_fitting_traces': 22.22222222222222}
Precision:  0.10174927113702625
Generalization:  0.7924364553049086
Simplicity:  0.5670103092783505
