Fitness alignment:  {'percFitTraces': 100.0, 'averageFitness': 1.0, 'percentage_of_fitting_traces': 100.0, 'average_trace_fitness': 1.0, 'log_fitness': 0.999840542264408}
Fitness token:  {'perc_fit_traces': 0.0, 'average_trace_fitness': 0.9814814814814815, 'log_fitness': 0.9814814814814815, 'percentage_of_fitting_traces': 0.0}
Precision:  0.0714285714285714
Generalization:  0.26191908413934173
Simplicity:  0.4803149606299213
