Fitness alignment:  {'percFitTraces': 2.5714285714285716, 'averageFitness': 0.7466584281568915, 'percentage_of_fitting_traces': 2.5714285714285716, 'average_trace_fitness': 0.7466584281568915, 'log_fitness': 0.7323978722451908}
Fitness token:  {'perc_fit_traces': 0.38095238095238093, 'average_trace_fitness': 0.744625254185486, 'log_fitness': 0.7687291087993837, 'percentage_of_fitting_traces': 0.38095238095238093}
Precision:  0.5042411837152423
Generalization:  0.8515823827669239
Simplicity:  0.6666666666666666
