Fitness alignment:  {'percFitTraces': 22.22222222222222, 'averageFitness': 0.9350163650955956, 'percentage_of_fitting_traces': 22.22222222222222, 'average_trace_fitness': 0.9350163650955956, 'log_fitness': 0.9331656844556697}
Fitness token:  {'perc_fit_traces': 0.0, 'average_trace_fitness': 0.8240033749751428, 'log_fitness': 0.8277683580311348, 'percentage_of_fitting_traces': 0.0}
Precision:  0.13951644867221558
Generalization:  0.615178490418525
Simplicity:  0.6136363636363635
