Fitness alignment:  {'percFitTraces': 0.0, 'averageFitness': 0.975, 'percentage_of_fitting_traces': 0.0, 'average_trace_fitness': 0.975, 'log_fitness': 0.9748252517474825}
Fitness token:  {'perc_fit_traces': 0.0, 'average_trace_fitness': 0.9916666666666667, 'log_fitness': 0.9916666666666667, 'percentage_of_fitting_traces': 0.0}
Precision:  0.07725321888412018
Generalization:  0.3268621855188275
Simplicity:  0.5333333333333333
