Fitness alignment:  {'percFitTraces': 0.0, 'averageFitness': 0.751933910185689, 'percentage_of_fitting_traces': 0.0, 'average_trace_fitness': 0.751933910185689, 'log_fitness': 0.7525250172846905}
Fitness token:  {'perc_fit_traces': 0.0, 'average_trace_fitness': 0.7481296525441005, 'log_fitness': 0.7622307445836416, 'percentage_of_fitting_traces': 0.0}
Precision:  0.6799480294499783
Generalization:  0.7331348265716393
Simplicity:  0.5596330275229358
