Fitness alignment:  {'percFitTraces': 0.0, 'averageFitness': 0.7671755955148805, 'percentage_of_fitting_traces': 0.0, 'average_trace_fitness': 0.7671755955148805, 'log_fitness': 0.7681682835976359}
Fitness token:  {'perc_fit_traces': 0.0, 'average_trace_fitness': 0.7334558705862113, 'log_fitness': 0.7456418543998908, 'percentage_of_fitting_traces': 0.0}
Precision:  0.7761012411779021
Generalization:  0.7349448750090986
Simplicity:  0.6082474226804123
