Fitness alignment:  {'percFitTraces': 1.4035087719298245, 'averageFitness': 0.8562706525263648, 'percentage_of_fitting_traces': 1.4035087719298245, 'average_trace_fitness': 0.8562706525263648, 'log_fitness': 0.8518669015008236}
Fitness token:  {'perc_fit_traces': 1.4035087719298245, 'average_trace_fitness': 0.8327682527783318, 'log_fitness': 0.8294213078976855, 'percentage_of_fitting_traces': 1.4035087719298245}
Precision:  0.8261488771903054
Generalization:  0.9586738320808366
Simplicity:  0.6082474226804123
