Fitness alignment:  {'percFitTraces': 0.0, 'averageFitness': 0.7795196277995223, 'percentage_of_fitting_traces': 0.0, 'average_trace_fitness': 0.7795196277995223, 'log_fitness': 0.7797032640949555}
Fitness token:  {'perc_fit_traces': 0.0, 'average_trace_fitness': 0.729352170272135, 'log_fitness': 0.7323760746665374, 'percentage_of_fitting_traces': 0.0}
Precision:  0.8710872620416507
Generalization:  0.9165113432354793
Simplicity:  0.7714285714285715
