Fitness alignment:  {'percFitTraces': 44.413145539906104, 'averageFitness': 0.9089407288661979, 'percentage_of_fitting_traces': 44.413145539906104, 'average_trace_fitness': 0.9089407288661979, 'log_fitness': 0.8779180246793294}
Fitness token:  {'perc_fit_traces': 44.413145539906104, 'average_trace_fitness': 0.9473419994268443, 'log_fitness': 0.9312578619669214, 'percentage_of_fitting_traces': 44.413145539906104}
Precision:  0.5810114873754872
Generalization:  0.9562133217555358
Simplicity:  0.6790123456790124
