Fitness alignment:  {'percFitTraces': 0.0, 'averageFitness': 0.7611947767474777, 'percentage_of_fitting_traces': 0.0, 'average_trace_fitness': 0.7611947767474777, 'log_fitness': 0.76007867960287}
Fitness token:  {'perc_fit_traces': 0.0, 'average_trace_fitness': 0.8973814872150088, 'log_fitness': 0.9035889729797348, 'percentage_of_fitting_traces': 0.0}
Precision:  0.31436077057793343
Generalization:  0.688962933888836
Simplicity:  0.6321839080459769
