Fitness alignment:  {'percFitTraces': 0.0, 'averageFitness': 0.764863782864604, 'percentage_of_fitting_traces': 0.0, 'average_trace_fitness': 0.764863782864604, 'log_fitness': 0.7533408662655093}
Fitness token:  {'perc_fit_traces': 0.0, 'average_trace_fitness': 0.875081445470238, 'log_fitness': 0.8916552388402825, 'percentage_of_fitting_traces': 0.0}
Precision:  0.4736585299738415
Generalization:  0.9481347042398882
Simplicity:  0.6321839080459769
