Fitness alignment:  {'percFitTraces': 0.0, 'averageFitness': 0.764863782864604, 'percentage_of_fitting_traces': 0.0, 'average_trace_fitness': 0.764863782864604, 'log_fitness': 0.753343097327281}
Fitness token:  {'perc_fit_traces': 0.0, 'average_trace_fitness': 0.8739675089135589, 'log_fitness': 0.891371783733683, 'percentage_of_fitting_traces': 0.0}
Precision:  0.4735033949197933
Generalization:  0.9464955220295546
Simplicity:  0.6086956521739131
