Fitness alignment:  {'percFitTraces': 0.0, 'averageFitness': 0.7611947767474777, 'percentage_of_fitting_traces': 0.0, 'average_trace_fitness': 0.7611947767474777, 'log_fitness': 0.7600829146145587}
Fitness token:  {'perc_fit_traces': 0.0, 'average_trace_fitness': 0.892660166706648, 'log_fitness': 0.9022124706054284, 'percentage_of_fitting_traces': 0.0}
Precision:  0.3157031052764453
Generalization:  0.6861648199364971
Simplicity:  0.6321839080459769
