Fitness alignment:  {'percFitTraces': 0.0, 'averageFitness': 0.7644038544487933, 'percentage_of_fitting_traces': 0.0, 'average_trace_fitness': 0.7644038544487933, 'log_fitness': 0.7529711979221378}
Fitness token:  {'perc_fit_traces': 0.0, 'average_trace_fitness': 0.8718444798051492, 'log_fitness': 0.8904817069795047, 'percentage_of_fitting_traces': 0.0}
Precision:  0.4747848654555389
Generalization:  0.9476299407814628
Simplicity:  0.6321839080459769
