Fitness alignment:  {'percFitTraces': 100.0, 'averageFitness': 1.0, 'percentage_of_fitting_traces': 100.0, 'average_trace_fitness': 1.0, 'log_fitness': 0.999840001999975}
Fitness token:  {'perc_fit_traces': 0.0, 'average_trace_fitness': 0.8772311212814645, 'log_fitness': 0.8772311212814645, 'percentage_of_fitting_traces': 0.0}
Precision:  0.10084033613445376
Generalization:  0.17529404286071737
Simplicity:  0.5555555555555556
