Fitness alignment:  {'percFitTraces': 0.0, 'averageFitness': 0.8111489952748833, 'percentage_of_fitting_traces': 0.0, 'average_trace_fitness': 0.8111489952748833, 'log_fitness': 0.8112922280468584}
Fitness token:  {'perc_fit_traces': 0.0, 'average_trace_fitness': 0.8692192840445819, 'log_fitness': 0.8706011476789635, 'percentage_of_fitting_traces': 0.0}
Precision:  0.2620930896435484
Generalization:  0.8602870016572777
Simplicity:  0.6461538461538462
