Fitness alignment:  {'percFitTraces': 0.0, 'averageFitness': 0.7922493560438364, 'percentage_of_fitting_traces': 0.0, 'average_trace_fitness': 0.7922493560438364, 'log_fitness': 0.7949413920015346}
Fitness token:  {'perc_fit_traces': 0.0, 'average_trace_fitness': 0.8280731512502031, 'log_fitness': 0.8310267350580587, 'percentage_of_fitting_traces': 0.0}
Precision:  0.21556353639555015
Generalization:  0.760021187734761
Simplicity:  0.6461538461538462
