Fitness alignment:  {'percFitTraces': 100.0, 'averageFitness': 1.0, 'percentage_of_fitting_traces': 100.0, 'average_trace_fitness': 1.0, 'log_fitness': 0.9997784721522325}
Fitness token:  {'perc_fit_traces': 96.51741293532338, 'average_trace_fitness': 0.9995073046424217, 'log_fitness': 0.9996553803739123, 'percentage_of_fitting_traces': 96.51741293532338}
Precision:  0.08914777663691653
Generalization:  0.8523991970773271
Simplicity:  0.504950495049505
