Fitness alignment:  {'percFitTraces': 0.0, 'averageFitness': 0.7707950977245147, 'percentage_of_fitting_traces': 0.0, 'average_trace_fitness': 0.7707950977245147, 'log_fitness': 0.7695973525486108}
Fitness token:  {'perc_fit_traces': 0.0, 'average_trace_fitness': 0.7203012218268797, 'log_fitness': 0.7278304622000473, 'percentage_of_fitting_traces': 0.0}
Precision:  0.8863747753635027
Generalization:  0.9365560436558791
Simplicity:  0.7142857142857143
