Fitness alignment:  {'percFitTraces': 0.0, 'averageFitness': 0.8022395394008481, 'percentage_of_fitting_traces': 0.0, 'average_trace_fitness': 0.8022395394008481, 'log_fitness': 0.8015786830273789}
Fitness token:  {'perc_fit_traces': 0.0, 'average_trace_fitness': 0.7946121346555557, 'log_fitness': 0.7997659240932891, 'percentage_of_fitting_traces': 0.0}
Precision:  0.6945023038565928
Generalization:  0.9362493068617797
Simplicity:  0.6170212765957447
