Fitness alignment:  {'percFitTraces': 0.0, 'averageFitness': 0.8622946040765924, 'percentage_of_fitting_traces': 0.0, 'average_trace_fitness': 0.8622946040765924, 'log_fitness': 0.8596616830248145}
Fitness token:  {'perc_fit_traces': 0.0, 'average_trace_fitness': 0.8682289814992932, 'log_fitness': 0.866770015113876, 'percentage_of_fitting_traces': 0.0}
Precision:  0.15765183681004247
Generalization:  0.7362274154973463
Simplicity:  0.5540540540540541
