Fitness alignment:  {'percFitTraces': 100.0, 'averageFitness': 1.0, 'percentage_of_fitting_traces': 100.0, 'average_trace_fitness': 1.0, 'log_fitness': 0.9998450015499845}
Fitness token:  {'perc_fit_traces': 0.0, 'average_trace_fitness': 0.8524590163934427, 'log_fitness': 0.8524590163934427, 'percentage_of_fitting_traces': 0.0}
Precision:  0.08851674641148322
Generalization:  0.16307104996472543
Simplicity:  0.6091954022988506
