Fitness alignment:  {'percFitTraces': 0.0, 'averageFitness': 0.7944320647229257, 'percentage_of_fitting_traces': 0.0, 'average_trace_fitness': 0.7944320647229257, 'log_fitness': 0.7930483723760268}
Fitness token:  {'perc_fit_traces': 0.0, 'average_trace_fitness': 0.6528573407466967, 'log_fitness': 0.6655585196945653, 'percentage_of_fitting_traces': 0.0}
Precision:  0.8983609400745816
Generalization:  0.9351430978173778
Simplicity:  0.7714285714285715
