Fitness alignment:  {'percFitTraces': 0.0, 'averageFitness': 0.6882256352941176, 'percentage_of_fitting_traces': 0.0, 'average_trace_fitness': 0.6882256352941176, 'log_fitness': 0.6798073378400697}
Fitness token:  {'perc_fit_traces': 0.0, 'average_trace_fitness': 0.5855309584691613, 'log_fitness': 0.5648842671189379, 'percentage_of_fitting_traces': 0.0}
Precision:  0.3553902710096606
Generalization:  0.7107277941109695
Simplicity:  0.6969696969696969
