Fitness alignment:  {'percFitTraces': 0.0, 'averageFitness': 0.7159118183131438, 'percentage_of_fitting_traces': 0.0, 'average_trace_fitness': 0.7159118183131438, 'log_fitness': 0.7039475719300516}
Fitness token:  {'perc_fit_traces': 0.0, 'average_trace_fitness': 0.6631387455500507, 'log_fitness': 0.6460692133227286, 'percentage_of_fitting_traces': 0.0}
Precision:  0.5464719201217475
Generalization:  0.8221943167692233
Simplicity:  0.6969696969696969
