Fitness alignment:  {'percFitTraces': 0.0, 'averageFitness': 0.7382822084694933, 'percentage_of_fitting_traces': 0.0, 'average_trace_fitness': 0.7382822084694933, 'log_fitness': 0.7353886147004689}
Fitness token:  {'perc_fit_traces': 0.0, 'average_trace_fitness': 0.867624851537407, 'log_fitness': 0.8680343887584181, 'percentage_of_fitting_traces': 0.0}
Precision:  0.4132978723404256
Generalization:  0.7102526887842697
Simplicity:  0.6111111111111112
