Fitness alignment:  {'percFitTraces': 0.0, 'averageFitness': 0.9009415967407324, 'percentage_of_fitting_traces': 0.0, 'average_trace_fitness': 0.9009415967407324, 'log_fitness': 0.8983232251159472}
Fitness token:  {'perc_fit_traces': 0.0, 'average_trace_fitness': 0.8242217576752627, 'log_fitness': 0.8181223639211971, 'percentage_of_fitting_traces': 0.0}
Precision:  0.8794601889338731
Generalization:  0.9724090272375285
Simplicity:  0.6363636363636362
