Fitness alignment:  {'percFitTraces': 0.0, 'averageFitness': 0.8824955214286968, 'percentage_of_fitting_traces': 0.0, 'average_trace_fitness': 0.8824955214286968, 'log_fitness': 0.8797360421146289}
Fitness token:  {'perc_fit_traces': 0.0, 'average_trace_fitness': 0.7866227411781392, 'log_fitness': 0.7777413368934566, 'percentage_of_fitting_traces': 0.0}
Precision:  0.8384820335565637
Generalization:  0.9181632481712046
Simplicity:  0.6363636363636362
