Fitness alignment:  {'percFitTraces': 22.22222222222222, 'averageFitness': 0.9484806265130731, 'percentage_of_fitting_traces': 22.22222222222222, 'average_trace_fitness': 0.9484806265130731, 'log_fitness': 0.9490039161457202}
Fitness token:  {'perc_fit_traces': 22.22222222222222, 'average_trace_fitness': 0.9829510493772027, 'log_fitness': 0.9831447163099382, 'percentage_of_fitting_traces': 22.22222222222222}
Precision:  0.10025929127052724
Generalization:  0.8005496271689487
Simplicity:  0.56
