Fitness alignment:  {'percFitTraces': 0.0, 'averageFitness': 0.8648648648648649, 'percentage_of_fitting_traces': 0.0, 'average_trace_fitness': 0.8648648648648649, 'log_fitness': 0.8647234496831124}
Fitness token:  {'perc_fit_traces': 0.0, 'average_trace_fitness': 0.8333333333333334, 'log_fitness': 0.8333333333333334, 'percentage_of_fitting_traces': 0.0}
Precision:  0.13122171945701355
Generalization:  0.17124776793533436
Simplicity:  0.5275590551181103
