Fitness alignment:  {'percFitTraces': 0.0, 'averageFitness': 0.8073858478369222, 'percentage_of_fitting_traces': 0.0, 'average_trace_fitness': 0.8073858478369222, 'log_fitness': 0.8083868454644202}
Fitness token:  {'perc_fit_traces': 0.0, 'average_trace_fitness': 0.8391686428981016, 'log_fitness': 0.8419059565097385, 'percentage_of_fitting_traces': 0.0}
Precision:  0.6423798320426102
Generalization:  0.7589362879222259
Simplicity:  0.7019607843137253
