Fitness alignment:  {'percFitTraces': 0.0, 'averageFitness': 0.7702058121531388, 'percentage_of_fitting_traces': 0.0, 'average_trace_fitness': 0.7702058121531388, 'log_fitness': 0.7720822787350625}
Fitness token:  {'perc_fit_traces': 0.0, 'average_trace_fitness': 0.8096793040102729, 'log_fitness': 0.8119739104707766, 'percentage_of_fitting_traces': 0.0}
Precision:  0.5667440318302388
Generalization:  0.6794037098381089
Simplicity:  0.7019607843137253
