Fitness alignment:  {'percFitTraces': 0.0, 'averageFitness': 0.8258328076397147, 'percentage_of_fitting_traces': 0.0, 'average_trace_fitness': 0.8258328076397147, 'log_fitness': 0.8384382556016386}
Fitness token:  {'perc_fit_traces': 0.0, 'average_trace_fitness': 0.6754296912336155, 'log_fitness': 0.6330673259117476, 'percentage_of_fitting_traces': 0.0}
Precision:  0.31920585750492814
Generalization:  0.6708953807210631
Simplicity:  0.5538461538461539
