Fitness alignment:  {'percFitTraces': 24.0, 'averageFitness': 0.9493406651711942, 'percentage_of_fitting_traces': 24.0, 'average_trace_fitness': 0.9493406651711942, 'log_fitness': 0.9502924697154419}
Fitness token:  {'perc_fit_traces': 84.0, 'average_trace_fitness': 0.9989013572239493, 'log_fitness': 0.9988784710776717, 'percentage_of_fitting_traces': 84.0}
Precision:  0.11632295457608843
Generalization:  0.8411829289121721
Simplicity:  0.6595744680851063
