Fitness alignment:  {'percFitTraces': 88.0, 'averageFitness': 0.9936700336700336, 'percentage_of_fitting_traces': 88.0, 'average_trace_fitness': 0.9936700336700336, 'log_fitness': 0.9943793935306477}
Fitness token:  {'perc_fit_traces': 84.0, 'average_trace_fitness': 0.9970843139443126, 'log_fitness': 0.99792702570208, 'percentage_of_fitting_traces': 84.0}
Precision:  0.09568578293116059
Generalization:  0.8199594303206688
Simplicity:  0.6513761467889908
