Fitness alignment:  {'percFitTraces': 22.22222222222222, 'averageFitness': 0.9297572598364903, 'percentage_of_fitting_traces': 22.22222222222222, 'average_trace_fitness': 0.9297572598364903, 'log_fitness': 0.9299892541217665}
Fitness token:  {'perc_fit_traces': 0.0, 'average_trace_fitness': 0.9436320080378119, 'log_fitness': 0.9447369134246649, 'percentage_of_fitting_traces': 0.0}
Precision:  0.1353338632750397
Generalization:  0.7093621267451711
Simplicity:  0.5740740740740742
