Fitness alignment:  {'percFitTraces': 0.0, 'averageFitness': 0.8648648648648649, 'percentage_of_fitting_traces': 0.0, 'average_trace_fitness': 0.8648648648648649, 'log_fitness': 0.8647504763449143}
Fitness token:  {'perc_fit_traces': 0.0, 'average_trace_fitness': 0.974025974025974, 'log_fitness': 0.974025974025974, 'percentage_of_fitting_traces': 0.0}
Precision:  0.1282051282051282
Generalization:  0.18029723389615626
Simplicity:  0.5740740740740742
