Fitness alignment:  {'percFitTraces': 0.0, 'averageFitness': 0.7304330920658272, 'percentage_of_fitting_traces': 0.0, 'average_trace_fitness': 0.7304330920658272, 'log_fitness': 0.7206371326087326}
Fitness token:  {'perc_fit_traces': 0.0, 'average_trace_fitness': 0.8598547786859012, 'log_fitness': 0.8790066854441185, 'percentage_of_fitting_traces': 0.0}
Precision:  0.4740861088545898
Generalization:  0.8236721133437717
Simplicity:  0.6666666666666666
