Fitness alignment:  {'percFitTraces': 0.0, 'averageFitness': 0.7408681336854392, 'percentage_of_fitting_traces': 0.0, 'average_trace_fitness': 0.7408681336854392, 'log_fitness': 0.7266290341987176}
Fitness token:  {'perc_fit_traces': 0.0, 'average_trace_fitness': 0.7718051074767717, 'log_fitness': 0.7603128683971005, 'percentage_of_fitting_traces': 0.0}
Precision:  0.5180902064377262
Generalization:  0.7933925089695881
Simplicity:  0.6181818181818182
