Fitness alignment:  {'percFitTraces': 0.0, 'averageFitness': 0.9112627719058608, 'percentage_of_fitting_traces': 0.0, 'average_trace_fitness': 0.9112627719058608, 'log_fitness': 0.9098152843172763}
Fitness token:  {'perc_fit_traces': 0.0, 'average_trace_fitness': 0.8542386300375354, 'log_fitness': 0.8511392850882621, 'percentage_of_fitting_traces': 0.0}
Precision:  0.7658563535911602
Generalization:  0.9160399095322174
Simplicity:  0.6666666666666666
