Fitness alignment:  {'percFitTraces': 0.0, 'averageFitness': 0.7497131851826734, 'percentage_of_fitting_traces': 0.0, 'average_trace_fitness': 0.7497131851826734, 'log_fitness': 0.7503900628350249}
Fitness token:  {'perc_fit_traces': 0.0, 'average_trace_fitness': 0.8235158763569597, 'log_fitness': 0.8272028838263776, 'percentage_of_fitting_traces': 0.0}
Precision:  0.4442292593561895
Generalization:  0.7995522079591317
Simplicity:  0.6666666666666666
