Fitness alignment:  {'percFitTraces': 0.0, 'averageFitness': 0.8506753578196012, 'percentage_of_fitting_traces': 0.0, 'average_trace_fitness': 0.8506753578196012, 'log_fitness': 0.8461336566590885}
Fitness token:  {'perc_fit_traces': 0.0, 'average_trace_fitness': 0.9019129969322164, 'log_fitness': 0.9037249324278513, 'percentage_of_fitting_traces': 0.0}
Precision:  0.5431989126663548
Generalization:  0.8887884414835946
Simplicity:  0.6666666666666666
