Fitness alignment:  {'percFitTraces': 0.0, 'averageFitness': 0.8820747503768513, 'percentage_of_fitting_traces': 0.0, 'average_trace_fitness': 0.8820747503768513, 'log_fitness': 0.8798350566246299}
Fitness token:  {'perc_fit_traces': 0.0, 'average_trace_fitness': 0.9191974430659385, 'log_fitness': 0.9199390202708914, 'percentage_of_fitting_traces': 0.0}
Precision:  0.4635597909621888
Generalization:  0.9005910975874587
Simplicity:  0.6724137931034483
