Fitness alignment:  {'percFitTraces': 0.32051282051282054, 'averageFitness': 0.7757182070040434, 'percentage_of_fitting_traces': 0.32051282051282054, 'average_trace_fitness': 0.7757182070040434, 'log_fitness': 0.7585717448176029}
Fitness token:  {'perc_fit_traces': 0.32051282051282054, 'average_trace_fitness': 0.9016259126956925, 'log_fitness': 0.9071920323055191, 'percentage_of_fitting_traces': 0.32051282051282054}
Precision:  0.4074455630999766
Generalization:  0.7869829360884412
Simplicity:  0.6666666666666666
