Fitness alignment:  {'percFitTraces': 100.0, 'averageFitness': 1.0, 'percentage_of_fitting_traces': 100.0, 'average_trace_fitness': 1.0, 'log_fitness': 0.999600648047907}
Fitness token:  {'perc_fit_traces': 0.0, 'average_trace_fitness': 0.9933256177907767, 'log_fitness': 0.9934258301873182, 'percentage_of_fitting_traces': 0.0}
Precision:  0.08628744160483648
Generalization:  0.6854664691336301
Simplicity:  0.649122807017544
