Fitness alignment:  {'percFitTraces': 76.19047619047619, 'averageFitness': 0.9912894217516065, 'percentage_of_fitting_traces': 76.19047619047619, 'average_trace_fitness': 0.9912894217516065, 'log_fitness': 0.9930096766159178}
Fitness token:  {'perc_fit_traces': 0.0, 'average_trace_fitness': 0.9915128309810809, 'log_fitness': 0.9925932168210851, 'percentage_of_fitting_traces': 0.0}
Precision:  0.0979993218040014
Generalization:  0.7600823404128676
Simplicity:  0.641025641025641
