Fitness alignment:  {'percFitTraces': 0.0, 'averageFitness': 0.7148594088383472, 'percentage_of_fitting_traces': 0.0, 'average_trace_fitness': 0.7148594088383472, 'log_fitness': 0.7175270357397017}
Fitness token:  {'perc_fit_traces': 0.0, 'average_trace_fitness': 0.8439514535145028, 'log_fitness': 0.8477093477373701, 'percentage_of_fitting_traces': 0.0}
Precision:  0.5499048137068262
Generalization:  0.8196793548926053
Simplicity:  0.7224880382775118
