Fitness alignment:  {'percFitTraces': 0.0, 'averageFitness': 0.7185254030478849, 'percentage_of_fitting_traces': 0.0, 'average_trace_fitness': 0.7185254030478849, 'log_fitness': 0.7199734262154625}
Fitness token:  {'perc_fit_traces': 0.0, 'average_trace_fitness': 0.8399306663462942, 'log_fitness': 0.841944684512578, 'percentage_of_fitting_traces': 0.0}
Precision:  0.5346345418742036
Generalization:  0.8150571873181889
Simplicity:  0.7224880382775118
