Fitness alignment:  {'percFitTraces': 0.05012531328320802, 'averageFitness': 0.9130574766745186, 'percentage_of_fitting_traces': 0.05012531328320802, 'average_trace_fitness': 0.9130574766745186, 'log_fitness': 0.9107137956584977}
Fitness token:  {'perc_fit_traces': 0.05012531328320802, 'average_trace_fitness': 0.8614359290095438, 'log_fitness': 0.8566494367777269, 'percentage_of_fitting_traces': 0.05012531328320802}
Precision:  0.8882497718536545
Generalization:  0.9723244481822819
Simplicity:  0.6666666666666666
