Fitness alignment:  {'percFitTraces': 0.0, 'averageFitness': 0.9107063487494438, 'percentage_of_fitting_traces': 0.0, 'average_trace_fitness': 0.9107063487494438, 'log_fitness': 0.909080118694362}
Fitness token:  {'perc_fit_traces': 0.0, 'average_trace_fitness': 0.8615709381828541, 'log_fitness': 0.8582203199985299, 'percentage_of_fitting_traces': 0.0}
Precision:  0.7683695652173913
Generalization:  0.9162774458040136
Simplicity:  0.6666666666666666
