Fitness alignment:  {'percFitTraces': 0.0, 'averageFitness': 0.8648648648648649, 'percentage_of_fitting_traces': 0.0, 'average_trace_fitness': 0.8648648648648649, 'log_fitness': 0.8647555161565821}
Fitness token:  {'perc_fit_traces': 0.0, 'average_trace_fitness': 0.9722222222222222, 'log_fitness': 0.9722222222222222, 'percentage_of_fitting_traces': 0.0}
Precision:  0.1215686274509804
Generalization:  0.207614996607695
Simplicity:  0.6190476190476191
