Fitness alignment:  {'percFitTraces': 36.36363636363637, 'averageFitness': 0.9812782805429865, 'percentage_of_fitting_traces': 36.36363636363637, 'average_trace_fitness': 0.9812782805429865, 'log_fitness': 0.980919657698528}
Fitness token:  {'perc_fit_traces': 36.36363636363637, 'average_trace_fitness': 0.9923423681618355, 'log_fitness': 0.9923637840176691, 'percentage_of_fitting_traces': 36.36363636363637}
Precision:  0.11872865773574992
Generalization:  0.7516269148387373
Simplicity:  0.6538461538461539
