Fitness alignment:  {'percFitTraces': 0.0, 'averageFitness': 0.8654214559386972, 'percentage_of_fitting_traces': 0.0, 'average_trace_fitness': 0.8654214559386972, 'log_fitness': 0.8628077787861796}
Fitness token:  {'perc_fit_traces': 0.0, 'average_trace_fitness': 0.9032673430414218, 'log_fitness': 0.9025974025974026, 'percentage_of_fitting_traces': 0.0}
Precision:  0.30775510204081635
Generalization:  0.36171218107976744
Simplicity:  0.7090909090909091
