Fitness alignment:  {'percFitTraces': 0.0, 'averageFitness': 0.7153402820932536, 'percentage_of_fitting_traces': 0.0, 'average_trace_fitness': 0.7153402820932536, 'log_fitness': 0.7082665601884202}
Fitness token:  {'perc_fit_traces': 0.0, 'average_trace_fitness': 0.854491222247798, 'log_fitness': 0.8419366404571984, 'percentage_of_fitting_traces': 0.0}
Precision:  0.3243426249858933
Generalization:  0.6755421815146383
Simplicity:  0.5892857142857143
