Fitness alignment:  {'percFitTraces': 0.0, 'averageFitness': 0.7238737626054217, 'percentage_of_fitting_traces': 0.0, 'average_trace_fitness': 0.7238737626054217, 'log_fitness': 0.7073064939605982}
Fitness token:  {'perc_fit_traces': 0.0, 'average_trace_fitness': 0.816853936538164, 'log_fitness': 0.8019167964723093, 'percentage_of_fitting_traces': 0.0}
Precision:  0.5327475576622926
Generalization:  0.8676075910908061
Simplicity:  0.5892857142857143
