Fitness alignment:  {'percFitTraces': 0.0, 'averageFitness': 0.756048428553665, 'percentage_of_fitting_traces': 0.0, 'average_trace_fitness': 0.756048428553665, 'log_fitness': 0.7577635327267441}
Fitness token:  {'perc_fit_traces': 0.0, 'average_trace_fitness': 0.8407432888387054, 'log_fitness': 0.8437665608187207, 'percentage_of_fitting_traces': 0.0}
Precision:  0.4686632075268585
Generalization:  0.8294746145627593
Simplicity:  0.7169811320754716
