Fitness alignment:  {'percFitTraces': 0.0, 'averageFitness': 0.7675949327194201, 'percentage_of_fitting_traces': 0.0, 'average_trace_fitness': 0.7675949327194201, 'log_fitness': 0.7664645746292267}
Fitness token:  {'perc_fit_traces': 0.0, 'average_trace_fitness': 0.7190809817592257, 'log_fitness': 0.7266526698569127, 'percentage_of_fitting_traces': 0.0}
Precision:  0.8616977565946257
Generalization:  0.923101297113623
Simplicity:  0.6666666666666666
