Fitness alignment:  {'percFitTraces': 0.0, 'averageFitness': 0.8511988654167434, 'percentage_of_fitting_traces': 0.0, 'average_trace_fitness': 0.8511988654167434, 'log_fitness': 0.8503161054442113}
Fitness token:  {'perc_fit_traces': 0.0, 'average_trace_fitness': 0.8417186288210411, 'log_fitness': 0.8429550126721994, 'percentage_of_fitting_traces': 0.0}
Precision:  0.8078740429054287
Generalization:  0.9668015179590882
Simplicity:  0.6666666666666666
