Fitness alignment:  {'percFitTraces': 0.0, 'averageFitness': 0.7265389621673676, 'percentage_of_fitting_traces': 0.0, 'average_trace_fitness': 0.7265389621673676, 'log_fitness': 0.7287664271445838}
Fitness token:  {'perc_fit_traces': 0.0, 'average_trace_fitness': 0.8168462756424621, 'log_fitness': 0.8192127795057245, 'percentage_of_fitting_traces': 0.0}
Precision:  0.7162891046386193
Generalization:  0.8838094122640218
Simplicity:  0.6666666666666666
