Fitness alignment:  {'percFitTraces': 0.0, 'averageFitness': 0.9127529540540505, 'percentage_of_fitting_traces': 0.0, 'average_trace_fitness': 0.9127529540540505, 'log_fitness': 0.9112340630262208}
Fitness token:  {'perc_fit_traces': 0.0, 'average_trace_fitness': 0.8740362029188838, 'log_fitness': 0.8704675123200383, 'percentage_of_fitting_traces': 0.0}
Precision:  0.8064066852367688
Generalization:  0.9158447142084559
Simplicity:  0.6444444444444444
