Fitness alignment:  {'percFitTraces': 0.0, 'averageFitness': 0.9461682108740933, 'percentage_of_fitting_traces': 0.0, 'average_trace_fitness': 0.9461682108740933, 'log_fitness': 0.9474855331747888}
Fitness token:  {'perc_fit_traces': 0.0, 'average_trace_fitness': 0.9658840867716653, 'log_fitness': 0.96630120864078, 'percentage_of_fitting_traces': 0.0}
Precision:  0.11645299145299148
Generalization:  0.49798587371152037
Simplicity:  0.5524475524475525
