Fitness alignment:  {'percFitTraces': 4.761904761904762, 'averageFitness': 0.9550413323633138, 'percentage_of_fitting_traces': 4.761904761904762, 'average_trace_fitness': 0.9550413323633138, 'log_fitness': 0.9561827021484919}
Fitness token:  {'perc_fit_traces': 0.0, 'average_trace_fitness': 0.9386287446589663, 'log_fitness': 0.9430177524146762, 'percentage_of_fitting_traces': 0.0}
Precision:  0.13001704633503797
Generalization:  0.7658409378154764
Simplicity:  0.5630252100840336
