Fitness alignment:  {'percFitTraces': 14.285714285714286, 'averageFitness': 0.9557083721049096, 'percentage_of_fitting_traces': 14.285714285714286, 'average_trace_fitness': 0.9557083721049096, 'log_fitness': 0.9548624448208795}
Fitness token:  {'perc_fit_traces': 47.61904761904762, 'average_trace_fitness': 0.9944840410980814, 'log_fitness': 0.9945188631320019, 'percentage_of_fitting_traces': 47.61904761904762}
Precision:  0.12192956496004737
Generalization:  0.8387493427005305
Simplicity:  0.6633663366336633
