Fitness alignment:  {'percFitTraces': 0.0, 'averageFitness': 0.944947209653092, 'percentage_of_fitting_traces': 0.0, 'average_trace_fitness': 0.944947209653092, 'log_fitness': 0.9448623888398802}
Fitness token:  {'perc_fit_traces': 0.0, 'average_trace_fitness': 0.9165104648605689, 'log_fitness': 0.9172619047619048, 'percentage_of_fitting_traces': 0.0}
Precision:  0.11130136986301364
Generalization:  0.4320002781716674
Simplicity:  0.5609756097560976
