Fitness alignment:  {'percFitTraces': 0.0, 'averageFitness': 0.793932984622115, 'percentage_of_fitting_traces': 0.0, 'average_trace_fitness': 0.793932984622115, 'log_fitness': 0.7933817192597491}
Fitness token:  {'perc_fit_traces': 0.0, 'average_trace_fitness': 0.8770976609929971, 'log_fitness': 0.8790255855636797, 'percentage_of_fitting_traces': 0.0}
Precision:  0.5211446740858505
Generalization:  0.7920930188704169
Simplicity:  0.7008547008547009
