Fitness alignment:  {'percFitTraces': 0.0, 'averageFitness': 0.8288669446039534, 'percentage_of_fitting_traces': 0.0, 'average_trace_fitness': 0.8288669446039534, 'log_fitness': 0.8270897108924442}
Fitness token:  {'perc_fit_traces': 0.0, 'average_trace_fitness': 0.8953665071839487, 'log_fitness': 0.8980481538554773, 'percentage_of_fitting_traces': 0.0}
Precision:  0.615761319141896
Generalization:  0.8716766255764915
Simplicity:  0.7008547008547009
