Fitness alignment:  {'percFitTraces': 0.0, 'averageFitness': 0.9112627719058608, 'percentage_of_fitting_traces': 0.0, 'average_trace_fitness': 0.9112627719058608, 'log_fitness': 0.9098152843172763}
Fitness token:  {'perc_fit_traces': 0.0, 'average_trace_fitness': 0.8769565585414362, 'log_fitness': 0.8742780485830228, 'percentage_of_fitting_traces': 0.0}
Precision:  0.8068168553752773
Generalization:  0.9157871274678698
Simplicity:  0.6444444444444444
