Fitness alignment:  {'percFitTraces': 0.0, 'averageFitness': 0.7104690020100364, 'percentage_of_fitting_traces': 0.0, 'average_trace_fitness': 0.7104690020100364, 'log_fitness': 0.7132081771103809}
Fitness token:  {'perc_fit_traces': 0.0, 'average_trace_fitness': 0.8318613572752257, 'log_fitness': 0.8347769632798883, 'percentage_of_fitting_traces': 0.0}
Precision:  0.5266137358920497
Generalization:  0.8168649659574412
Simplicity:  0.7224880382775118
