Fitness alignment:  {'percFitTraces': 0.0, 'averageFitness': 0.8256302521008404, 'percentage_of_fitting_traces': 0.0, 'average_trace_fitness': 0.8256302521008404, 'log_fitness': 0.8258828030573115}
Fitness token:  {'perc_fit_traces': 0.0, 'average_trace_fitness': 0.8392774912444199, 'log_fitness': 0.8393336568009058, 'percentage_of_fitting_traces': 0.0}
Precision:  0.12076271186440679
Generalization:  0.35085794391973946
Simplicity:  0.56
