Fitness alignment:  {'percFitTraces': 0.0, 'averageFitness': 0.8559224552170487, 'percentage_of_fitting_traces': 0.0, 'average_trace_fitness': 0.8559224552170487, 'log_fitness': 0.8518874611311602}
Fitness token:  {'perc_fit_traces': 0.0, 'average_trace_fitness': 0.871843859627506, 'log_fitness': 0.8762005194496962, 'percentage_of_fitting_traces': 0.0}
Precision:  0.16238339996192652
Generalization:  0.7300805401163831
Simplicity:  0.56
