Fitness alignment:  {'percFitTraces': 65.88235294117646, 'averageFitness': 0.9750382795052251, 'percentage_of_fitting_traces': 65.88235294117646, 'average_trace_fitness': 0.9750382795052251, 'log_fitness': 0.9736974505157489}
Fitness token:  {'perc_fit_traces': 0.0, 'average_trace_fitness': 0.9814672828191137, 'log_fitness': 0.9818561603809263, 'percentage_of_fitting_traces': 0.0}
Precision:  0.06540908798765988
Generalization:  0.766705584142581
Simplicity:  0.6119402985074627
