Fitness alignment:  {'percFitTraces': 70.61105722599417, 'averageFitness': 0.9744532096006151, 'percentage_of_fitting_traces': 70.61105722599417, 'average_trace_fitness': 0.9744532096006151, 'log_fitness': 0.9708940075473859}
Fitness token:  {'perc_fit_traces': 0.0, 'average_trace_fitness': 0.9762686316380079, 'log_fitness': 0.9772117455068738, 'percentage_of_fitting_traces': 0.0}
Precision:  0.07859841197078243
Generalization:  0.8488911582856815
Simplicity:  0.6119402985074627
