Fitness alignment:  {'percFitTraces': 0.0, 'averageFitness': 0.7195137020222758, 'percentage_of_fitting_traces': 0.0, 'average_trace_fitness': 0.7195137020222758, 'log_fitness': 0.7103367929149906}
Fitness token:  {'perc_fit_traces': 0.0, 'average_trace_fitness': 0.8632250914344167, 'log_fitness': 0.880116860621304, 'percentage_of_fitting_traces': 0.0}
Precision:  0.4897959183673469
Generalization:  0.7484547459719473
Simplicity:  0.6111111111111112
