Fitness alignment:  {'percFitTraces': 0.05012531328320802, 'averageFitness': 0.9130574766745186, 'percentage_of_fitting_traces': 0.05012531328320802, 'average_trace_fitness': 0.9130574766745186, 'log_fitness': 0.9107137956584977}
Fitness token:  {'perc_fit_traces': 0.05012531328320802, 'average_trace_fitness': 0.8501361430889485, 'log_fitness': 0.845976688187672, 'percentage_of_fitting_traces': 0.05012531328320802}
Precision:  0.9127028862969547
Generalization:  0.9723537060829386
Simplicity:  0.6444444444444444
