Fitness alignment:  {'percFitTraces': 0.38095238095238093, 'averageFitness': 0.7734066442044067, 'percentage_of_fitting_traces': 0.38095238095238093, 'average_trace_fitness': 0.7734066442044067, 'log_fitness': 0.7612197923930215}
Fitness token:  {'perc_fit_traces': 0.38095238095238093, 'average_trace_fitness': 0.8740003996799872, 'log_fitness': 0.8933044004043647, 'percentage_of_fitting_traces': 0.38095238095238093}
Precision:  0.37793505249369486
Generalization:  0.9540440914292544
Simplicity:  0.6585365853658536
