Fitness alignment:  {'percFitTraces': 0.0, 'averageFitness': 0.6800082151687821, 'percentage_of_fitting_traces': 0.0, 'average_trace_fitness': 0.6800082151687821, 'log_fitness': 0.6785854996239191}
Fitness token:  {'perc_fit_traces': 0.0, 'average_trace_fitness': 0.8222343189499067, 'log_fitness': 0.855050863178183, 'percentage_of_fitting_traces': 0.0}
Precision:  0.4713723776223776
Generalization:  0.8569485771999776
Simplicity:  0.6842105263157894
