Fitness alignment:  {'percFitTraces': 0.0, 'averageFitness': 0.8540768576009241, 'percentage_of_fitting_traces': 0.0, 'average_trace_fitness': 0.8540768576009241, 'log_fitness': 0.8627562885558191}
Fitness token:  {'perc_fit_traces': 0.0, 'average_trace_fitness': 0.870133961598315, 'log_fitness': 0.8871366728509585, 'percentage_of_fitting_traces': 0.0}
Precision:  0.3187414500683995
Generalization:  0.657164451092259
Simplicity:  0.6551724137931035
