Fitness alignment:  {'percFitTraces': 90.9090909090909, 'averageFitness': 0.9976689976689976, 'percentage_of_fitting_traces': 90.9090909090909, 'average_trace_fitness': 0.9976689976689976, 'log_fitness': 0.9971804077519797}
Fitness token:  {'perc_fit_traces': 90.9090909090909, 'average_trace_fitness': 0.9990886134067952, 'log_fitness': 0.9991835067360277, 'percentage_of_fitting_traces': 90.9090909090909}
Precision:  0.07985675917636526
Generalization:  0.7191403460185751
Simplicity:  0.6393442622950819
