Fitness alignment:  {'percFitTraces': 90.9090909090909, 'averageFitness': 0.9976689976689976, 'percentage_of_fitting_traces': 90.9090909090909, 'average_trace_fitness': 0.9976689976689976, 'log_fitness': 0.9971804077519797}
Fitness token:  {'perc_fit_traces': 90.9090909090909, 'average_trace_fitness': 0.9991483785126881, 'log_fitness': 0.9991881468450314, 'percentage_of_fitting_traces': 90.9090909090909}
Precision:  0.07985675917636526
Generalization:  0.719254024045223
Simplicity:  0.6393442622950819
