Fitness alignment:  {'percFitTraces': 0.0, 'averageFitness': 0.8518771543329265, 'percentage_of_fitting_traces': 0.0, 'average_trace_fitness': 0.8518771543329265, 'log_fitness': 0.8480849857783805}
Fitness token:  {'perc_fit_traces': 0.0, 'average_trace_fitness': 0.8349523397590172, 'log_fitness': 0.8321851371132839, 'percentage_of_fitting_traces': 0.0}
Precision:  0.9221255463390211
Generalization:  0.9711387523743992
Simplicity:  0.6666666666666666
