Fitness alignment:  {'percFitTraces': 22.22222222222222, 'averageFitness': 0.9484806265130731, 'percentage_of_fitting_traces': 22.22222222222222, 'average_trace_fitness': 0.9484806265130731, 'log_fitness': 0.9490074081693035}
Fitness token:  {'perc_fit_traces': 5.555555555555555, 'average_trace_fitness': 0.9722189386831439, 'log_fitness': 0.9722414870900681, 'percentage_of_fitting_traces': 5.555555555555555}
Precision:  0.0960219478737997
Generalization:  0.7978937686179315
Simplicity:  0.5670103092783505
