Fitness alignment:  {'percFitTraces': 0.0, 'averageFitness': 0.7485866359465615, 'percentage_of_fitting_traces': 0.0, 'average_trace_fitness': 0.7485866359465615, 'log_fitness': 0.7340360511118507}
Fitness token:  {'perc_fit_traces': 0.0, 'average_trace_fitness': 0.7866007939284757, 'log_fitness': 0.7758751982299597, 'percentage_of_fitting_traces': 0.0}
Precision:  0.5546407185628742
Generalization:  0.8086117899344186
Simplicity:  0.6744186046511628
