Fitness alignment:  {'percFitTraces': 44.6, 'averageFitness': 0.9490780375829732, 'percentage_of_fitting_traces': 44.6, 'average_trace_fitness': 0.9490780375829732, 'log_fitness': 0.9515042678344692}
Fitness token:  {'perc_fit_traces': 44.6, 'average_trace_fitness': 0.9652985791854668, 'log_fitness': 0.973304103509547, 'percentage_of_fitting_traces': 44.6}
Precision:  0.34745798467055766
Generalization:  0.8682507574396285
Simplicity:  0.5932203389830509
