Fitness alignment:  {'percFitTraces': 0.0, 'averageFitness': 0.9322588068883956, 'percentage_of_fitting_traces': 0.0, 'average_trace_fitness': 0.9322588068883956, 'log_fitness': 0.9337071886657694}
Fitness token:  {'perc_fit_traces': 0.0, 'average_trace_fitness': 0.8818496998609523, 'log_fitness': 0.8840847674583985, 'percentage_of_fitting_traces': 0.0}
Precision:  0.12529146587906104
Generalization:  0.7626868715500137
Simplicity:  0.5892857142857143
