Fitness alignment:  {'percFitTraces': 0.0, 'averageFitness': 0.8751063937371041, 'percentage_of_fitting_traces': 0.0, 'average_trace_fitness': 0.8751063937371041, 'log_fitness': 0.8759566521496922}
Fitness token:  {'perc_fit_traces': 0.0, 'average_trace_fitness': 0.8212492587681334, 'log_fitness': 0.828867414281911, 'percentage_of_fitting_traces': 0.0}
Precision:  0.8362183754993342
Generalization:  0.4688178068751616
Simplicity:  0.6071428571428572
