Fitness alignment:  {'percFitTraces': 0.05012531328320802, 'averageFitness': 0.8934910819228227, 'percentage_of_fitting_traces': 0.05012531328320802, 'average_trace_fitness': 0.8934910819228227, 'log_fitness': 0.8901726172507478}
Fitness token:  {'perc_fit_traces': 0.05012531328320802, 'average_trace_fitness': 0.8049320575588812, 'log_fitness': 0.8030911270718768, 'percentage_of_fitting_traces': 0.05012531328320802}
Precision:  0.9056497175141243
Generalization:  0.9698538800878878
Simplicity:  0.6666666666666666
