Fitness alignment:  {'percFitTraces': 0.0, 'averageFitness': 0.7782590781431993, 'percentage_of_fitting_traces': 0.0, 'average_trace_fitness': 0.7782590781431993, 'log_fitness': 0.7792905128532048}
Fitness token:  {'perc_fit_traces': 0.0, 'average_trace_fitness': 0.8784353037235695, 'log_fitness': 0.8810294064325297, 'percentage_of_fitting_traces': 0.0}
Precision:  0.4860373989385447
Generalization:  0.8253366009191219
Simplicity:  0.7169811320754716
