Fitness alignment:  {'percFitTraces': 0.0, 'averageFitness': 0.8226976042056752, 'percentage_of_fitting_traces': 0.0, 'average_trace_fitness': 0.8226976042056752, 'log_fitness': 0.8215569600059518}
Fitness token:  {'perc_fit_traces': 0.0, 'average_trace_fitness': 0.8911010848822752, 'log_fitness': 0.8942131065601047, 'percentage_of_fitting_traces': 0.0}
Precision:  0.595948119774647
Generalization:  0.9089846186470854
Simplicity:  0.7169811320754716
