Fitness alignment:  {'percFitTraces': 76.19047619047619, 'averageFitness': 0.9927176909259776, 'percentage_of_fitting_traces': 76.19047619047619, 'average_trace_fitness': 0.9927176909259776, 'log_fitness': 0.9914421811977093}
Fitness token:  {'perc_fit_traces': 76.19047619047619, 'average_trace_fitness': 0.9976019591611156, 'log_fitness': 0.9974127242458676, 'percentage_of_fitting_traces': 76.19047619047619}
Precision:  0.09665136073468472
Generalization:  0.8152945548593751
Simplicity:  0.641025641025641
