Fitness alignment:  {'percFitTraces': 0.0, 'averageFitness': 0.8770294398572205, 'percentage_of_fitting_traces': 0.0, 'average_trace_fitness': 0.8770294398572205, 'log_fitness': 0.8732776404554287}
Fitness token:  {'perc_fit_traces': 0.0, 'average_trace_fitness': 0.7489812437332412, 'log_fitness': 0.7487805146842264, 'percentage_of_fitting_traces': 0.0}
Precision:  0.9242433323344321
Generalization:  0.9510291760145162
Simplicity:  0.5798319327731092
