Fitness alignment:  {'percFitTraces': 0.0, 'averageFitness': 0.854467215311372, 'percentage_of_fitting_traces': 0.0, 'average_trace_fitness': 0.854467215311372, 'log_fitness': 0.8538091572791034}
Fitness token:  {'perc_fit_traces': 0.0, 'average_trace_fitness': 0.7430686653447776, 'log_fitness': 0.739528807744527, 'percentage_of_fitting_traces': 0.0}
Precision:  0.8793013555787278
Generalization:  0.726850993931303
Simplicity:  0.5798319327731092
