Fitness alignment:  {'percFitTraces': 0.0, 'averageFitness': 0.8042652243141668, 'percentage_of_fitting_traces': 0.0, 'average_trace_fitness': 0.8042652243141668, 'log_fitness': 0.8004637182593375}
Fitness token:  {'perc_fit_traces': 0.0, 'average_trace_fitness': 0.8892246895005028, 'log_fitness': 0.8849149171543639, 'percentage_of_fitting_traces': 0.0}
Precision:  0.5983450961304453
Generalization:  0.743340219461849
Simplicity:  0.6774193548387096
