Fitness alignment:  {'percFitTraces': 0.0, 'averageFitness': 0.7569141178667808, 'percentage_of_fitting_traces': 0.0, 'average_trace_fitness': 0.7569141178667808, 'log_fitness': 0.757555339885361}
Fitness token:  {'perc_fit_traces': 0.0, 'average_trace_fitness': 0.819106770456076, 'log_fitness': 0.8257962591512175, 'percentage_of_fitting_traces': 0.0}
Precision:  0.6650319829424307
Generalization:  0.7498054357423898
Simplicity:  0.588235294117647
