Fitness alignment:  {'percFitTraces': 1.5037593984962405, 'averageFitness': 0.8475233135949242, 'percentage_of_fitting_traces': 1.5037593984962405, 'average_trace_fitness': 0.8475233135949242, 'log_fitness': 0.8428364072854928}
Fitness token:  {'perc_fit_traces': 1.4536340852130325, 'average_trace_fitness': 0.8600734271988799, 'log_fitness': 0.8561179617438536, 'percentage_of_fitting_traces': 1.4536340852130325}
Precision:  0.8111259048748559
Generalization:  0.9603284714731855
Simplicity:  0.588235294117647
