Fitness alignment:  {'percFitTraces': 0.0, 'averageFitness': 0.837797813039202, 'percentage_of_fitting_traces': 0.0, 'average_trace_fitness': 0.837797813039202, 'log_fitness': 0.8377511678132109}
Fitness token:  {'perc_fit_traces': 0.0, 'average_trace_fitness': 0.8243782772405792, 'log_fitness': 0.828908209431014, 'percentage_of_fitting_traces': 0.0}
Precision:  0.5017532142260812
Generalization:  0.6789590517140723
Simplicity:  0.44370860927152317
