Fitness alignment:  {'percFitTraces': 0.0, 'averageFitness': 0.7760273866161198, 'percentage_of_fitting_traces': 0.0, 'average_trace_fitness': 0.7760273866161198, 'log_fitness': 0.776631193926564}
Fitness token:  {'perc_fit_traces': 0.0, 'average_trace_fitness': 0.8762380991006774, 'log_fitness': 0.8782406807946741, 'percentage_of_fitting_traces': 0.0}
Precision:  0.5531497741028045
Generalization:  0.7944075170287379
Simplicity:  0.6842105263157894
