Fitness alignment:  {'percFitTraces': 0.0, 'averageFitness': 0.8210162452381614, 'percentage_of_fitting_traces': 0.0, 'average_trace_fitness': 0.8210162452381614, 'log_fitness': 0.8239475951196206}
Fitness token:  {'perc_fit_traces': 0.0, 'average_trace_fitness': 0.8494268518849849, 'log_fitness': 0.8565409150623209, 'percentage_of_fitting_traces': 0.0}
Precision:  0.6332777373205853
Generalization:  0.846764921308545
Simplicity:  0.6867469879518072
