Fitness alignment:  {'percFitTraces': 0.0, 'averageFitness': 0.8461538461538461, 'percentage_of_fitting_traces': 0.0, 'average_trace_fitness': 0.8461538461538461, 'log_fitness': 0.8460292918570483}
Fitness token:  {'perc_fit_traces': 0.0, 'average_trace_fitness': 0.9850746268656716, 'log_fitness': 0.9850746268656716, 'percentage_of_fitting_traces': 0.0}
Precision:  0.11377245508982037
Generalization:  0.23274127000527522
Simplicity:  0.6111111111111112
