Fitness alignment:  {'percFitTraces': 0.0, 'averageFitness': 0.6794786230562625, 'percentage_of_fitting_traces': 0.0, 'average_trace_fitness': 0.6794786230562625, 'log_fitness': 0.6723704247616586}
Fitness token:  {'perc_fit_traces': 0.0, 'average_trace_fitness': 0.8279883901199724, 'log_fitness': 0.8644458405329696, 'percentage_of_fitting_traces': 0.0}
Precision:  0.47731939518387156
Generalization:  0.9282777746090192
Simplicity:  0.6842105263157894
