Fitness alignment:  {'percFitTraces': 100.0, 'averageFitness': 1.0, 'percentage_of_fitting_traces': 100.0, 'average_trace_fitness': 1.0, 'log_fitness': 0.9997792471561522}
Fitness token:  {'perc_fit_traces': 96.46464646464646, 'average_trace_fitness': 0.9995057798832617, 'log_fitness': 0.9996586011180814, 'percentage_of_fitting_traces': 96.46464646464646}
Precision:  0.08953350812124317
Generalization:  0.762336518225672
Simplicity:  0.49308755760368667
