Fitness alignment:  {'percFitTraces': 100.0, 'averageFitness': 1.0, 'percentage_of_fitting_traces': 100.0, 'average_trace_fitness': 1.0, 'log_fitness': 0.9998239339678572}
Fitness token:  {'perc_fit_traces': 97.54385964912281, 'average_trace_fitness': 0.9994012708774, 'log_fitness': 0.9996247862456571, 'percentage_of_fitting_traces': 97.54385964912281}
Precision:  0.226867744675337
Generalization:  0.9063402767957942
Simplicity:  0.507537688442211
