Fitness alignment:  {'percFitTraces': 0.0, 'averageFitness': 0.7997267496226609, 'percentage_of_fitting_traces': 0.0, 'average_trace_fitness': 0.7997267496226609, 'log_fitness': 0.8000997973986215}
Fitness token:  {'perc_fit_traces': 0.0, 'average_trace_fitness': 0.8280945934340217, 'log_fitness': 0.832433821699509, 'percentage_of_fitting_traces': 0.0}
Precision:  0.6001243136848649
Generalization:  0.9234658511671467
Simplicity:  0.5438596491228069
