Fitness alignment:  {'percFitTraces': 0.0, 'averageFitness': 0.7638064765409046, 'percentage_of_fitting_traces': 0.0, 'average_trace_fitness': 0.7638064765409046, 'log_fitness': 0.7657038266043056}
Fitness token:  {'perc_fit_traces': 0.0, 'average_trace_fitness': 0.7656341591386058, 'log_fitness': 0.7767132343247283, 'percentage_of_fitting_traces': 0.0}
Precision:  0.589050908160655
Generalization:  0.9132244843144396
Simplicity:  0.5206611570247934
