Fitness alignment:  {'percFitTraces': 0.0, 'averageFitness': 0.7683021372228841, 'percentage_of_fitting_traces': 0.0, 'average_trace_fitness': 0.7683021372228841, 'log_fitness': 0.7636786139469532}
Fitness token:  {'perc_fit_traces': 0.0, 'average_trace_fitness': 0.8869581633124692, 'log_fitness': 0.898925120005907, 'percentage_of_fitting_traces': 0.0}
Precision:  0.3862009818418407
Generalization:  0.8659490560899954
Simplicity:  0.6428571428571429
