Fitness alignment:  {'percFitTraces': 0.38095238095238093, 'averageFitness': 0.7756195381653063, 'percentage_of_fitting_traces': 0.38095238095238093, 'average_trace_fitness': 0.7756195381653063, 'log_fitness': 0.7636922183796361}
Fitness token:  {'perc_fit_traces': 0.38095238095238093, 'average_trace_fitness': 0.8788061513695717, 'log_fitness': 0.8954705351462313, 'percentage_of_fitting_traces': 0.38095238095238093}
Precision:  0.4582752332940041
Generalization:  0.9489162832915412
Simplicity:  0.6428571428571429
