Fitness alignment:  {'percFitTraces': 0.0, 'averageFitness': 0.7688946597104269, 'percentage_of_fitting_traces': 0.0, 'average_trace_fitness': 0.7688946597104269, 'log_fitness': 0.7641083442671793}
Fitness token:  {'perc_fit_traces': 0.0, 'average_trace_fitness': 0.8905281004456251, 'log_fitness': 0.9011483236002898, 'percentage_of_fitting_traces': 0.0}
Precision:  0.3798103574033552
Generalization:  0.8407398554530796
Simplicity:  0.6179775280898876
