Fitness alignment:  {'percFitTraces': 0.38095238095238093, 'averageFitness': 0.7756195381653063, 'percentage_of_fitting_traces': 0.38095238095238093, 'average_trace_fitness': 0.7756195381653063, 'log_fitness': 0.7636945888480615}
Fitness token:  {'perc_fit_traces': 0.38095238095238093, 'average_trace_fitness': 0.8773448757438808, 'log_fitness': 0.8950685757721955, 'percentage_of_fitting_traces': 0.38095238095238093}
Precision:  0.4579147161003877
Generalization:  0.9478612243270149
Simplicity:  0.6179775280898876
