Fitness alignment:  {'percFitTraces': 0.0, 'averageFitness': 0.7688946597104269, 'percentage_of_fitting_traces': 0.0, 'average_trace_fitness': 0.7688946597104269, 'log_fitness': 0.7641041996491291}
Fitness token:  {'perc_fit_traces': 0.0, 'average_trace_fitness': 0.8905281004456251, 'log_fitness': 0.9011483236002898, 'percentage_of_fitting_traces': 0.0}
Precision:  0.37872154115586687
Generalization:  0.8670129759359884
Simplicity:  0.6428571428571429
