Fitness alignment:  {'percFitTraces': 0.38095238095238093, 'averageFitness': 0.775328066020893, 'percentage_of_fitting_traces': 0.38095238095238093, 'average_trace_fitness': 0.775328066020893, 'log_fitness': 0.7634619994157492}
Fitness token:  {'perc_fit_traces': 0.38095238095238093, 'average_trace_fitness': 0.8756721621230372, 'log_fitness': 0.8937571551772121, 'percentage_of_fitting_traces': 0.38095238095238093}
Precision:  0.4607027370756721
Generalization:  0.9484574667708263
Simplicity:  0.6428571428571429
