Fitness alignment:  {'percFitTraces': 0.0, 'averageFitness': 0.8913354139464619, 'percentage_of_fitting_traces': 0.0, 'average_trace_fitness': 0.8913354139464619, 'log_fitness': 0.8888105653598097}
Fitness token:  {'perc_fit_traces': 0.0, 'average_trace_fitness': 0.7634577058300972, 'log_fitness': 0.7657911077597096, 'percentage_of_fitting_traces': 0.0}
Precision:  0.9015650799475013
Generalization:  0.9597700552285771
Simplicity:  0.5964912280701755
