Fitness alignment:  {'percFitTraces': 100.0, 'averageFitness': 1.0, 'percentage_of_fitting_traces': 100.0, 'average_trace_fitness': 1.0, 'log_fitness': 0.9996556060076842}
Fitness token:  {'perc_fit_traces': 100.0, 'average_trace_fitness': 1.0, 'log_fitness': 1.0, 'percentage_of_fitting_traces': 100.0}
Precision:  0.17010576860683924
Generalization:  0.9144992096298632
Simplicity:  0.6551724137931035
