Fitness alignment:  {'percFitTraces': 4.761904761904762, 'averageFitness': 0.9550413323633138, 'percentage_of_fitting_traces': 4.761904761904762, 'average_trace_fitness': 0.9550413323633138, 'log_fitness': 0.9561742592041944}
Fitness token:  {'perc_fit_traces': 0.0, 'average_trace_fitness': 0.9645970739987549, 'log_fitness': 0.9658109122208309, 'percentage_of_fitting_traces': 0.0}
Precision:  0.13044822256568778
Generalization:  0.792391441813753
Simplicity:  0.6000000000000001
