Fitness alignment:  {'percFitTraces': 0.0, 'averageFitness': 0.8632894669686464, 'percentage_of_fitting_traces': 0.0, 'average_trace_fitness': 0.8632894669686464, 'log_fitness': 0.8649080661604539}
Fitness token:  {'perc_fit_traces': 0.0, 'average_trace_fitness': 0.9103188065526768, 'log_fitness': 0.9130438916700523, 'percentage_of_fitting_traces': 0.0}
Precision:  0.5567088224920642
Generalization:  0.7258202665693312
Simplicity:  0.7081545064377682
