Fitness alignment:  {'percFitTraces': 0.0, 'averageFitness': 0.7305253060090854, 'percentage_of_fitting_traces': 0.0, 'average_trace_fitness': 0.7305253060090854, 'log_fitness': 0.7330799468650229}
Fitness token:  {'perc_fit_traces': 0.0, 'average_trace_fitness': 0.8459261861685922, 'log_fitness': 0.8484904507854103, 'percentage_of_fitting_traces': 0.0}
Precision:  0.5378437870395008
Generalization:  0.8314634774846109
Simplicity:  0.7224880382775118
