Fitness alignment:  {'percFitTraces': 0.9523809523809523, 'averageFitness': 0.8170080583789202, 'percentage_of_fitting_traces': 0.9523809523809523, 'average_trace_fitness': 0.8170080583789202, 'log_fitness': 0.8195122877414014}
Fitness token:  {'perc_fit_traces': 0.19047619047619047, 'average_trace_fitness': 0.7787373476261802, 'log_fitness': 0.7753867805586278, 'percentage_of_fitting_traces': 0.19047619047619047}
Precision:  0.3675565081839439
Generalization:  0.859141051025184
Simplicity:  0.43999999999999995
