Fitness alignment:  {'percFitTraces': 0.0, 'averageFitness': 0.8202452134358107, 'percentage_of_fitting_traces': 0.0, 'average_trace_fitness': 0.8202452134358107, 'log_fitness': 0.8420203948765568}
Fitness token:  {'perc_fit_traces': 0.0, 'average_trace_fitness': 0.8355833006900756, 'log_fitness': 0.8242464452668485, 'percentage_of_fitting_traces': 0.0}
Precision:  0.23491268618387262
Generalization:  0.8208982951709454
Simplicity:  0.43999999999999995
