Fitness alignment:  {'percFitTraces': 0.38095238095238093, 'averageFitness': 0.7532320903785672, 'percentage_of_fitting_traces': 0.38095238095238093, 'average_trace_fitness': 0.7532320903785672, 'log_fitness': 0.7428798820901117}
Fitness token:  {'perc_fit_traces': 0.2857142857142857, 'average_trace_fitness': 0.8378578012415473, 'log_fitness': 0.8643377057778685, 'percentage_of_fitting_traces': 0.2857142857142857}
Precision:  0.4533550650570458
Generalization:  0.9521349867620199
Simplicity:  0.6428571428571429
