Fitness alignment:  {'percFitTraces': 22.22222222222222, 'averageFitness': 0.9363321907535264, 'percentage_of_fitting_traces': 22.22222222222222, 'average_trace_fitness': 0.9363321907535264, 'log_fitness': 0.9363419973613}
Fitness token:  {'perc_fit_traces': 0.0, 'average_trace_fitness': 0.9362890837585903, 'log_fitness': 0.937945163480907, 'percentage_of_fitting_traces': 0.0}
Precision:  0.12108746199248788
Generalization:  0.7343858042474372
Simplicity:  0.6097560975609756
