Fitness alignment:  {'percFitTraces': 0.0, 'averageFitness': 0.8355196476121296, 'percentage_of_fitting_traces': 0.0, 'average_trace_fitness': 0.8355196476121296, 'log_fitness': 0.838385575303791}
Fitness token:  {'perc_fit_traces': 0.0, 'average_trace_fitness': 0.8032896667434783, 'log_fitness': 0.8072358627876137, 'percentage_of_fitting_traces': 0.0}
Precision:  0.5479311231046003
Generalization:  0.7826321838698381
Simplicity:  0.6867469879518072
