Fitness alignment:  {'percFitTraces': 0.0, 'averageFitness': 0.9302413273001509, 'percentage_of_fitting_traces': 0.0, 'average_trace_fitness': 0.9302413273001509, 'log_fitness': 0.9311409973316092}
Fitness token:  {'perc_fit_traces': 50.0, 'average_trace_fitness': 0.9961669283097855, 'log_fitness': 0.9962089246899373, 'percentage_of_fitting_traces': 50.0}
Precision:  0.10443037974683544
Generalization:  0.5018760240110887
Simplicity:  0.6595744680851063
