Fitness alignment:  {'percFitTraces': 0.0, 'averageFitness': 0.7936399399726921, 'percentage_of_fitting_traces': 0.0, 'average_trace_fitness': 0.7936399399726921, 'log_fitness': 0.7923926744272263}
Fitness token:  {'perc_fit_traces': 0.0, 'average_trace_fitness': 0.6532379003591321, 'log_fitness': 0.6660634955568357, 'percentage_of_fitting_traces': 0.0}
Precision:  0.8983551244200759
Generalization:  0.936088926781269
Simplicity:  0.7714285714285715
