Fitness alignment:  {'percFitTraces': 0.0, 'averageFitness': 0.858241782948141, 'percentage_of_fitting_traces': 0.0, 'average_trace_fitness': 0.858241782948141, 'log_fitness': 0.8544785658006089}
Fitness token:  {'perc_fit_traces': 0.0, 'average_trace_fitness': 0.8832680064596846, 'log_fitness': 0.8852851965465133, 'percentage_of_fitting_traces': 0.0}
Precision:  0.16138112216175637
Generalization:  0.7169390764144201
Simplicity:  0.5266272189349113
