Fitness alignment:  {'percFitTraces': 22.22222222222222, 'averageFitness': 0.9267542568334872, 'percentage_of_fitting_traces': 22.22222222222222, 'average_trace_fitness': 0.9267542568334872, 'log_fitness': 0.926765649379612}
Fitness token:  {'perc_fit_traces': 0.0, 'average_trace_fitness': 0.8933332803844612, 'log_fitness': 0.8963159089606989, 'percentage_of_fitting_traces': 0.0}
Precision:  0.13701875616979264
Generalization:  0.7046622408818592
Simplicity:  0.5412844036697247
