Fitness alignment:  {'percFitTraces': 0.0, 'averageFitness': 0.8553728167048232, 'percentage_of_fitting_traces': 0.0, 'average_trace_fitness': 0.8553728167048232, 'log_fitness': 0.8542730677562138}
Fitness token:  {'perc_fit_traces': 0.0, 'average_trace_fitness': 0.8127457818348413, 'log_fitness': 0.8101404352412502, 'percentage_of_fitting_traces': 0.0}
Precision:  0.7742626798652924
Generalization:  0.912591050423253
Simplicity:  0.6444444444444444
