Fitness alignment:  {'percFitTraces': 0.0, 'averageFitness': 0.9559721324427207, 'percentage_of_fitting_traces': 0.0, 'average_trace_fitness': 0.9559721324427207, 'log_fitness': 0.9561807307907015}
Fitness token:  {'perc_fit_traces': 0.0, 'average_trace_fitness': 0.9610123347400851, 'log_fitness': 0.9614083299326932, 'percentage_of_fitting_traces': 0.0}
Precision:  0.10629921259842523
Generalization:  0.5303115676032772
Simplicity:  0.6000000000000001
