Fitness alignment:  {'percFitTraces': 4.761904761904762, 'averageFitness': 0.9550413323633138, 'percentage_of_fitting_traces': 4.761904761904762, 'average_trace_fitness': 0.9550413323633138, 'log_fitness': 0.9561263718795076}
Fitness token:  {'perc_fit_traces': 0.0, 'average_trace_fitness': 0.9628398671372105, 'log_fitness': 0.9647036663466563, 'percentage_of_fitting_traces': 0.0}
Precision:  0.1239017125837677
Generalization:  0.7925159028377742
Simplicity:  0.6000000000000001
