Fitness alignment:  {'percFitTraces': 0.0, 'averageFitness': 0.852460270343099, 'percentage_of_fitting_traces': 0.0, 'average_trace_fitness': 0.852460270343099, 'log_fitness': 0.8479923996783482}
Fitness token:  {'perc_fit_traces': 0.0, 'average_trace_fitness': 0.9351617930972534, 'log_fitness': 0.9351537249767614, 'percentage_of_fitting_traces': 0.0}
Precision:  0.15553080920564222
Generalization:  0.8256809061991632
Simplicity:  0.673469387755102
