Fitness alignment:  {'percFitTraces': 0.0, 'averageFitness': 0.7182775576591962, 'percentage_of_fitting_traces': 0.0, 'average_trace_fitness': 0.7182775576591962, 'log_fitness': 0.7021623076894101}
Fitness token:  {'perc_fit_traces': 0.0, 'average_trace_fitness': 0.8497575920214608, 'log_fitness': 0.8784375820433573, 'percentage_of_fitting_traces': 0.0}
Precision:  0.5253280682860676
Generalization:  0.8822612545984119
Simplicity:  0.6037735849056604
