Fitness alignment:  {'percFitTraces': 0.0, 'averageFitness': 0.7218081373146586, 'percentage_of_fitting_traces': 0.0, 'average_trace_fitness': 0.7218081373146586, 'log_fitness': 0.7186705323816125}
Fitness token:  {'perc_fit_traces': 0.0, 'average_trace_fitness': 0.9024446714808095, 'log_fitness': 0.9091093415865514, 'percentage_of_fitting_traces': 0.0}
Precision:  0.3495020880179891
Generalization:  0.7018412295175173
Simplicity:  0.6037735849056604
