Fitness alignment:  {'percFitTraces': 0.0, 'averageFitness': 0.8427682446483872, 'percentage_of_fitting_traces': 0.0, 'average_trace_fitness': 0.8427682446483872, 'log_fitness': 0.843448009277155}
Fitness token:  {'perc_fit_traces': 0.0, 'average_trace_fitness': 0.7640711095086768, 'log_fitness': 0.7681498829039812, 'percentage_of_fitting_traces': 0.0}
Precision:  0.7937697160883281
Generalization:  0.8449827726407757
Simplicity:  0.7714285714285715
