Fitness alignment:  {'percFitTraces': 68.6, 'averageFitness': 0.9547566546375962, 'percentage_of_fitting_traces': 68.6, 'average_trace_fitness': 0.9547566546375962, 'log_fitness': 0.9530685946761862}
Fitness token:  {'perc_fit_traces': 68.6, 'average_trace_fitness': 0.9640968688944365, 'log_fitness': 0.9690194080157617, 'percentage_of_fitting_traces': 68.6}
Precision:  0.36171230246426056
Generalization:  0.9677385098199252
Simplicity:  0.5963302752293579
