Fitness alignment:  {'percFitTraces': 21.866666666666667, 'averageFitness': 0.7716525066819654, 'percentage_of_fitting_traces': 21.866666666666667, 'average_trace_fitness': 0.7716525066819654, 'log_fitness': 0.7555390089740852}
Fitness token:  {'perc_fit_traces': 21.866666666666667, 'average_trace_fitness': 0.9502399499923014, 'log_fitness': 0.9632835193579985, 'percentage_of_fitting_traces': 21.866666666666667}
Precision:  0.34441585751495507
Generalization:  0.973732359187047
Simplicity:  0.6111111111111112
