Fitness alignment:  {'percFitTraces': 68.6, 'averageFitness': 0.9547566546375962, 'percentage_of_fitting_traces': 68.6, 'average_trace_fitness': 0.9547566546375962, 'log_fitness': 0.9530684564562508}
Fitness token:  {'perc_fit_traces': 51.53333333333333, 'average_trace_fitness': 0.9603342340434374, 'log_fitness': 0.9649475657329563, 'percentage_of_fitting_traces': 51.53333333333333}
Precision:  0.3636515949503558
Generalization:  0.967263468320732
Simplicity:  0.6036036036036035
