Fitness alignment:  {'percFitTraces': 0.0, 'averageFitness': 0.9527311230436232, 'percentage_of_fitting_traces': 0.0, 'average_trace_fitness': 0.9527311230436232, 'log_fitness': 0.9511357517138538}
Fitness token:  {'perc_fit_traces': 0.0, 'average_trace_fitness': 0.9317921734593476, 'log_fitness': 0.931583690720368, 'percentage_of_fitting_traces': 0.0}
Precision:  0.11938534278959811
Generalization:  0.6525049991966272
Simplicity:  0.5606060606060607
