Fitness alignment:  {'percFitTraces': 0.0, 'averageFitness': 0.936073269736472, 'percentage_of_fitting_traces': 0.0, 'average_trace_fitness': 0.936073269736472, 'log_fitness': 0.9376795939577014}
Fitness token:  {'perc_fit_traces': 0.0, 'average_trace_fitness': 0.9210010043297763, 'log_fitness': 0.9257791441743078, 'percentage_of_fitting_traces': 0.0}
Precision:  0.127477840451249
Generalization:  0.7451872377957556
Simplicity:  0.5606060606060607
