Fitness alignment:  {'percFitTraces': 60.46511627906977, 'averageFitness': 0.9868046980107739, 'percentage_of_fitting_traces': 60.46511627906977, 'average_trace_fitness': 0.9868046980107739, 'log_fitness': 0.9855963756122937}
Fitness token:  {'perc_fit_traces': 27.906976744186046, 'average_trace_fitness': 0.8619063922882045, 'log_fitness': 0.8406941032862161, 'percentage_of_fitting_traces': 27.906976744186046}
Precision:  0.8792423046566693
Generalization:  0.5109415485788675
Simplicity:  0.6393442622950819
