Fitness alignment:  {'percFitTraces': 0.0, 'averageFitness': 0.9375562958404583, 'percentage_of_fitting_traces': 0.0, 'average_trace_fitness': 0.9375562958404583, 'log_fitness': 0.9373722751319479}
Fitness token:  {'perc_fit_traces': 0.0, 'average_trace_fitness': 0.7343394127471475, 'log_fitness': 0.7292786240676424, 'percentage_of_fitting_traces': 0.0}
Precision:  0.7648071625344353
Generalization:  0.7315166834843676
Simplicity:  0.6220472440944882
