Fitness alignment:  {'percFitTraces': 23.80952380952381, 'averageFitness': 0.9714322102701137, 'percentage_of_fitting_traces': 23.80952380952381, 'average_trace_fitness': 0.9714322102701137, 'log_fitness': 0.971953726333042}
Fitness token:  {'perc_fit_traces': 23.80952380952381, 'average_trace_fitness': 0.9901802624485343, 'log_fitness': 0.990411202152842, 'percentage_of_fitting_traces': 23.80952380952381}
Precision:  0.12632522024787218
Generalization:  0.8031779776145426
Simplicity:  0.6538461538461539
