Fitness alignment:  {'percFitTraces': 0.0, 'averageFitness': 0.8375665157765947, 'percentage_of_fitting_traces': 0.0, 'average_trace_fitness': 0.8375665157765947, 'log_fitness': 0.840693998892715}
Fitness token:  {'perc_fit_traces': 0.0, 'average_trace_fitness': 0.8889028706094653, 'log_fitness': 0.8908504820412755, 'percentage_of_fitting_traces': 0.0}
Precision:  0.6745086629403183
Generalization:  0.8367517068773815
Simplicity:  0.6799999999999999
