Fitness alignment:  {'percFitTraces': 0.0, 'averageFitness': 0.8616072554209205, 'percentage_of_fitting_traces': 0.0, 'average_trace_fitness': 0.8616072554209205, 'log_fitness': 0.8629853824031049}
Fitness token:  {'perc_fit_traces': 0.0, 'average_trace_fitness': 0.8750523523116923, 'log_fitness': 0.872002102198189, 'percentage_of_fitting_traces': 0.0}
Precision:  0.5841751911387847
Generalization:  0.7390839455548385
Simplicity:  0.6799999999999999
