Fitness alignment:  {'percFitTraces': 0.0, 'averageFitness': 0.8462183681841119, 'percentage_of_fitting_traces': 0.0, 'average_trace_fitness': 0.8462183681841119, 'log_fitness': 0.8440498601417594}
Fitness token:  {'perc_fit_traces': 0.0, 'average_trace_fitness': 0.8963821493360955, 'log_fitness': 0.895436607248236, 'percentage_of_fitting_traces': 0.0}
Precision:  0.6712108272759829
Generalization:  0.8301953048813644
Simplicity:  0.7056277056277057
