Fitness alignment:  {'percFitTraces': 33.333333333333336, 'averageFitness': 0.9543772705676119, 'percentage_of_fitting_traces': 33.333333333333336, 'average_trace_fitness': 0.9543772705676119, 'log_fitness': 0.9522080065116716}
Fitness token:  {'perc_fit_traces': 5.555555555555555, 'average_trace_fitness': 0.962361072265566, 'log_fitness': 0.9623772545400604, 'percentage_of_fitting_traces': 5.555555555555555}
Precision:  0.11009751494180564
Generalization:  0.7729209185287078
Simplicity:  0.5157894736842105
