Fitness alignment:  {'percFitTraces': 0.0, 'averageFitness': 0.9615384615384616, 'percentage_of_fitting_traces': 0.0, 'average_trace_fitness': 0.9615384615384616, 'log_fitness': 0.9613852094583161}
Fitness token:  {'perc_fit_traces': 0.0, 'average_trace_fitness': 0.9594130089899524, 'log_fitness': 0.9594130089899524, 'percentage_of_fitting_traces': 0.0}
Precision:  0.09401709401709402
Generalization:  0.1744605949996072
Simplicity:  0.5529411764705883
