Fitness alignment:  {'percFitTraces': 0.0, 'averageFitness': 0.7353462948356487, 'percentage_of_fitting_traces': 0.0, 'average_trace_fitness': 0.7353462948356487, 'log_fitness': 0.7380164399537325}
Fitness token:  {'perc_fit_traces': 0.0, 'average_trace_fitness': 0.8483484185757767, 'log_fitness': 0.8507499714393472, 'percentage_of_fitting_traces': 0.0}
Precision:  0.5369225639315669
Generalization:  0.8280955766465332
Simplicity:  0.7224880382775118
