Fitness alignment:  {'percFitTraces': 22.22222222222222, 'averageFitness': 0.9267542568334872, 'percentage_of_fitting_traces': 22.22222222222222, 'average_trace_fitness': 0.9267542568334872, 'log_fitness': 0.9268140110144774}
Fitness token:  {'perc_fit_traces': 0.0, 'average_trace_fitness': 0.8134308034846328, 'log_fitness': 0.8184740052187484, 'percentage_of_fitting_traces': 0.0}
Precision:  0.13701875616979264
Generalization:  0.6118219259436439
Simplicity:  0.45714285714285713
