Fitness alignment:  {'percFitTraces': 0.0, 'averageFitness': 0.7133244178251528, 'percentage_of_fitting_traces': 0.0, 'average_trace_fitness': 0.7133244178251528, 'log_fitness': 0.7050781895392295}
Fitness token:  {'perc_fit_traces': 0.0, 'average_trace_fitness': 0.7885082168217886, 'log_fitness': 0.8008786629773121, 'percentage_of_fitting_traces': 0.0}
Precision:  0.39110444293872815
Generalization:  0.7592247406384212
Simplicity:  0.5818181818181818
