Fitness alignment:  {'percFitTraces': 0.0, 'averageFitness': 0.9551291400221882, 'percentage_of_fitting_traces': 0.0, 'average_trace_fitness': 0.9551291400221882, 'log_fitness': 0.9552106300342025}
Fitness token:  {'perc_fit_traces': 0.0, 'average_trace_fitness': 0.9466381273182393, 'log_fitness': 0.9461025190788142, 'percentage_of_fitting_traces': 0.0}
Precision:  0.12091594526668525
Generalization:  0.7070073786182081
Simplicity:  0.5539568345323741
