Fitness alignment:  {'percFitTraces': 0.0, 'averageFitness': 0.8807686146987631, 'percentage_of_fitting_traces': 0.0, 'average_trace_fitness': 0.8807686146987631, 'log_fitness': 0.8779132582188609}
Fitness token:  {'perc_fit_traces': 0.0, 'average_trace_fitness': 0.8033482267834169, 'log_fitness': 0.7995332310184805, 'percentage_of_fitting_traces': 0.0}
Precision:  0.8374465531468007
Generalization:  0.932093140130058
Simplicity:  0.6363636363636362
