Fitness alignment:  {'percFitTraces': 0.0, 'averageFitness': 0.9009415967407324, 'percentage_of_fitting_traces': 0.0, 'average_trace_fitness': 0.9009415967407324, 'log_fitness': 0.8983232251159472}
Fitness token:  {'perc_fit_traces': 0.0, 'average_trace_fitness': 0.8238969214936781, 'log_fitness': 0.8173638794127156, 'percentage_of_fitting_traces': 0.0}
Precision:  0.8788802698145025
Generalization:  0.9723811417000695
Simplicity:  0.6363636363636362
