Fitness alignment:  {'percFitTraces': 0.0, 'averageFitness': 0.889128686461673, 'percentage_of_fitting_traces': 0.0, 'average_trace_fitness': 0.889128686461673, 'log_fitness': 0.8862070858146491}
Fitness token:  {'perc_fit_traces': 0.0, 'average_trace_fitness': 0.8073896959735655, 'log_fitness': 0.8040588767638085, 'percentage_of_fitting_traces': 0.0}
Precision:  0.9125914126420969
Generalization:  0.9714103986191494
Simplicity:  0.6444444444444444
