Fitness alignment:  {'percFitTraces': 100.0, 'averageFitness': 1.0, 'percentage_of_fitting_traces': 100.0, 'average_trace_fitness': 1.0, 'log_fitness': 0.9996930462354411}
Fitness token:  {'perc_fit_traces': 15.263157894736842, 'average_trace_fitness': 0.9888095206091292, 'log_fitness': 0.9923770760966503, 'percentage_of_fitting_traces': 15.263157894736842}
Precision:  0.11001095804633687
Generalization:  0.8428870981881109
Simplicity:  0.5862068965517241
