Fitness alignment:  {'percFitTraces': 100.0, 'averageFitness': 1.0, 'percentage_of_fitting_traces': 100.0, 'average_trace_fitness': 1.0, 'log_fitness': 0.9997195680670408}
Fitness token:  {'perc_fit_traces': 29.61904761904762, 'average_trace_fitness': 0.9892692484567486, 'log_fitness': 0.9902728036042729, 'percentage_of_fitting_traces': 29.61904761904762}
Precision:  0.17737751226859022
Generalization:  0.8940280399647216
Simplicity:  0.5862068965517241
