Fitness alignment:  {'percFitTraces': 100.0, 'averageFitness': 1.0, 'percentage_of_fitting_traces': 100.0, 'average_trace_fitness': 1.0, 'log_fitness': 0.9997195680670408}
Fitness token:  {'perc_fit_traces': 29.61904761904762, 'average_trace_fitness': 0.9892691398762212, 'log_fitness': 0.9902725603633007, 'percentage_of_fitting_traces': 29.61904761904762}
Precision:  0.17737751226859022
Generalization:  0.8780891407652456
Simplicity:  0.5862068965517241
